1,-1,-1,-1,-1,1,1,1,1,1,1,-1,-1,1,0,1,-1,-1,0,1,1,1,1,-1,1,1,1,1,1,1,1
1,-1,1,1,1,-1,0,-1,1,1,1,1,-1,0,-1,-1,1,1,0,1,1,1,1,-1,1,1,-1,1,0,1,1
1,-1,1,1,1,-1,-1,1,-1,1,1,1,1,0,1,-1,1,1,0,1,1,1,1,1,1,1,1,1,0,1,1
1,1,1,1,1,-1,1,1,-1,1,1,1,1,0,1,0,1,1,0,1,1,1,1,1,1,1,1,1,0,-1,1
1,-1,1,1,1,-1,0,1,-1,1,1,1,1,0,0,-1,1,1,0,1,1,1,1,-1,1,1,1,1,0,1,1
-1,-1,1,1,1,-1,0,1,1,1,1,1,1,0,0,-1,1,1,0,1,1,1,1,-1,1,0,1,1,1,1,1
1,1,1,-1,1,-1,0,1,-1,1,1,-1,1,0,0,-1,1,-1,0,1,1,1,1,1,1,1,1,1,0,1,1
1,-1,1,1,1,-1,-1,1,-1,1,1,1,1,0,0,-1,1,1,0,1,1,1,1,-1,1,1,-1,1,0,1,1
1,-1,1,1,1,1,1,1,-1,1,1,1,1,0,0,-1,1,1,0,1,1,1,1,1,1,-1,-1,1,0,1,1
-1,-1,-1,1,-1,-1,0,0,-1,1,1,-1,-1,-1,1,-1,1,1,1,-1,1,-1,1,1,-1,-1,-1,1,0,1,-1
1,1,1,1,1,-1,-1,1,-1,1,1,1,1,0,0,1,1,1,0,1,1,1,1,1,1,1,-1,1,0,1,1
-1,-1,1,1,1,1,-1,1,-1,1,1,1,1,0,0,-1,1,1,0,1,1,-1,1,1,1,1,-1,1,1,1,1
1,-1,1,1,1,-1,0,0,1,1,1,1,-1,-1,0,-1,1,1,0,1,1,1,1,1,-1,-1,-1,1,0,1,-1
1,1,1,-1,1,1,1,1,1,1,1,1,-1,1,1,1,1,1,0,1,1,1,1,1,1,1,-1,1,0,1,1
-1,-1,1,1,1,-1,0,-1,-1,1,1,1,1,0,-1,-1,1,1,0,1,1,1,1,-1,1,1,1,1,0,1,-1
1,-1,1,1,1,-1,-1,-1,1,-1,-1,1,-1,-1,0,-1,-1,1,0,-1,1,-1,-1,-1,1,-1,1,1,0,-1,-1
-1,-1,1,1,1,-1,-1,-1,1,1,1,1,-1,0,-1,1,1,1,0,1,1,1,1,1,1,1,-1,-1,1,1,-1
1,-1,1,1,1,-1,0,-1,-1,1,1,1,1,-1,0,0,-1,1,0,1,1,1,1,-1,1,1,1,1,-1,1,-1
-1,-1,1,1,1,-1,1,1,-1,-1,1,1,1,0,-1,1,1,1,0,-1,1,-1,1,1,1,1,-1,1,0,1,1
1,-1,1,1,1,-1,0,1,1,1,1,1,-1,0,-1,-1,1,1,0,1,1,1,1,-1,-1,1,1,1,1,1,1
-1,-1,1,-1,1,-1,1,1,-1,-1,-1,1,1,0,1,1,-1,1,0,1,-1,-1,-1,-1,1,1,-1,1,1,1,1
1,-1,1,1,1,-1,-1,1,1,1,1,1,1,0,-1,-1,1,1,0,1,1,1,1,-1,-1,1,-1,1,1,1,1
1,-1,1,-1,1,-1,0,-1,-1,1,1,1,1,0,0,-1,1,1,0,1,1,1,1,1,1,1,-1,1,0,1,-1
-1,0,1,-1,1,-1,1,0,1,1,1,1,-1,-1,-1,-1,-1,-1,0,1,1,1,1,1,1,1,-1,1,1,1,-1
-1,-1,1,-1,1,-1,1,1,-1,-1,-1,1,1,0,0,1,-1,1,0,1,1,-1,-1,1,1,1,-1,-1,1,1,1
1,1,1,1,1,1,1,1,-1,1,1,1,1,1,-1,1,1,1,0,1,1,1,1,-1,1,0,1,1,1,1,1
1,-1,1,1,1,-1,0,-1,1,1,1,1,-1,-1,-1,-1,1,1,0,1,1,1,1,-1,-1,-1,-1,1,1,1,-1
1,1,1,1,1,-1,0,0,-1,1,1,1,1,1,0,1,1,1,0,1,1,1,1,1,1,-1,-1,1,0,1,-1
-1,-1,1,1,1,1,1,-1,1,1,1,1,-1,0,0,-1,1,1,0,1,1,1,1,1,1,0,-1,1,1,1,1
1,-1,1,1,1,-1,1,1,-1,-1,-1,1,1,0,-1,-1,-1,1,0,1,1,1,1,1,1,1,-1,1,0,-1,1
1,0,1,-1,1,-1,-1,1,-1,-1,1,-1,-1,-1,0,-1,1,1,0,-1,1,-1,-1,-1,-1,0,-1,1,0,1,-1
1,-1,1,1,1,-1,1,-1,1,1,1,1,-1,0,-1,-1,1,1,0,1,1,1,1,1,-1,1,-1,1,1,-1,1
1,-1,1,1,1,-1,1,1,-1,1,1,1,1,1,0,-1,1,1,0,1,1,1,1,1,1,0,-1,1,0,1,1
-1,1,1,1,-1,-1,1,1,-1,-1,1,-1,1,0,1,-1,1,1,0,-1,1,-1,1,1,1,1,-1,1,0,1,1
1,1,1,1,1,-1,-1,-1,-1,1,1,1,1,-1,-1,1,1,1,0,1,1,1,1,-1,-1,-1,-1,1,1,1,-1
-1,-1,1,1,1,1,1,1,-1,1,1,1,1,0,-1,-1,1,1,0,1,1,1,1,-1,1,1,-1,1,1,1,1
1,-1,1,1,1,-1,1,1,-1,1,1,1,1,0,0,-1,1,1,0,1,1,1,1,1,-1,1,-1,1,0,1,1
-1,1,1,1,1,-1,1,-1,-1,1,1,1,1,1,1,-1,1,1,0,1,1,1,1,1,1,1,1,1,1,1,1
-1,-1,-1,1,-1,-1,0,1,-1,1,1,-1,1,0,0,-1,1,-1,0,1,1,1,1,-1,-1,1,1,-1,1,1,1
1,-1,1,1,1,-1,-1,-1,1,1,1,1,1,-1,-1,-1,1,1,0,1,1,1,1,1,1,-1,-1,1,0,1,-1
-1,1,1,-1,1,-1,1,1,-1,-1,-1,1,1,0,1,0,-1,1,0,1,1,-1,-1,1,1,1,-1,1,1,1,1
1,-1,1,1,1,-1,-1,-1,1,1,1,1,1,0,-1,-1,1,1,0,1,1,1,1,1,-1,1,-1,1,1,1,-1
-1,-1,-1,1,-1,-1,-1,-1,-1,-1,-1,-1,-1,-1,1,-1,-1,-1,1,1,1,-1,1,-1,-1,0,-1,-1,1,-1,-1
1,-1,1,1,1,-1,0,0,-1,1,1,1,1,-1,0,-1,1,1,0,1,1,1,1,1,1,0,-1,1,0,1,-1
-1,-1,1,1,1,-1,0,-1,-1,-1,1,1,1,0,0,1,1,1,0,1,1,-1,1,-1,1,0,1,1,1,1,-1
1,-1,1,1,1,-1,0,1,-1,1,1,1,1,0,0,-1,1,1,0,1,1,1,1,-1,1,0,-1,1,0,1,-1
1,-1,1,1,-1,-1,1,-1,1,1,1,1,-1,-1,0,0,1,1,0,1,1,1,1,-1,1,-1,1,1,0,1,-1
1,-1,1,1,1,-1,0,0,1,1,1,1,-1,-1,-1,-1,-1,1,0,1,1,1,1,1,1,-1,-1,1,1,1,-1
-1,-1,1,1,1,-1,0,0,1,1,1,1,-1,0,-1,0,1,1,0,1,1,1,1,-1,1,-1,-1,1,1,1,-1
-1,-1,1,1,1,-1,0,-1,1,1,1,1,-1,0,1,-1,1,1,0,1,1,1,1,-1,1,1,1,1,1,1,-1
1,1,1,1,1,-1,1,1,-1,1,1,1,1,0,1,1,1,1,0,1,1,1,1,1,1,1,-1,1,0,1,1
-1,1,1,1,1,-1,0,-1,-1,1,1,1,1,-1,-1,-1,1,1,1,1,1,1,1,1,1,-1,1,1,1,-1,-1
1,-1,1,1,1,-1,1,0,1,1,1,1,-1,-1,0,-1,1,1,0,1,1,1,1,-1,1,0,-1,1,0,1,-1
-1,1,1,1,1,-1,0,0,1,1,1,1,-1,-1,0,-1,1,1,0,1,1,1,1,1,1,-1,-1,1,0,1,-1
1,1,1,1,1,1,0,1,-1,1,1,1,1,1,-1,1,1,1,0,1,1,1,1,-1,-1,1,1,1,1,1,1
-1,-1,-1,-1,-1,-1,1,-1,-1,-1,-1,-1,-1,-1,1,1,-1,-1,1,-1,-1,-1,-1,1,-1,1,-1,1,1,1,-1
1,-1,1,1,1,1,-1,1,-1,-1,-1,1,1,1,0,-1,-1,1,0,-1,-1,-1,-1,1,-1,1,-1,1,1,-1,1
-1,-1,-1,1,-1,-1,1,1,-1,1,1,-1,1,0,0,-1,1,-1,1,1,1,1,1,1,-1,1,-1,1,1,1,1
1,-1,1,-1,1,1,1,1,-1,-1,-1,1,-1,1,-1,-1,-1,1,0,1,1,-1,1,-1,1,1,-1,1,0,1,1
1,-1,1,1,1,-1,-1,-1,-1,-1,-1,1,-1,-1,0,-1,-1,1,0,1,1,-1,1,-1,-1,0,-1,1,1,-1,-1
-1,-1,1,-1,1,-1,0,-1,1,-1,-1,1,-1,-1,-1,-1,-1,1,0,-1,-1,-1,-1,-1,1,0,1,1,1,1,-1
-1,1,1,1,1,-1,1,1,-1,-1,1,1,1,0,0,0,1,1,0,1,1,-1,1,1,1,1,1,1,1,1,1
1,-1,1,1,1,-1,-1,-1,-1,1,1,1,-1,-1,0,-1,1,1,0,1,1,1,1,1,1,1,-1,1,0,1,-1
1,-1,1,-1,1,-1,-1,-1,-1,-1,-1,1,-1,-1,1,-1,-1,1,0,-1,-1,-1,-1,-1,1,0,-1,-1,0,1,-1
1,-1,1,1,1,-1,0,-1,-1,1,1,1,1,0,-1,-1,1,1,1,1,1,1,1,-1,1,1,1,1,0,1,-1
1,-1,1,1,1,1,1,1,-1,1,1,1,1,1,0,-1,1,1,0,1,1,1,1,-1,1,1,1,1,0,1,1
-1,-1,1,1,1,-1,0,1,-1,1,1,1,-1,0,-1,-1,1,1,1,1,1,1,1,-1,1,0,-1,1,0,1,-1
1,-1,1,-1,1,-1,-1,1,-1,1,1,1,1,1,1,-1,1,1,0,1,1,1,1,1,1,1,-1,-1,0,1,1
@attribute SSLfinal_State  { -1,1,0 }
1,-1,1,1,1,-1,1,1,-1,1,1,1,1,-1,0,-1,1,1,0,1,1,1,1,-1,1,1,-1,1,-1,1,1
-1,-1,1,1,1,-1,0,-1,1,1,1,1,-1,-1,1,-1,1,1,0,1,1,1,1,-1,1,-1,1,1,1,1,-1
1,-1,1,1,1,-1,0,-1,-1,1,1,1,-1,-1,-1,-1,1,1,0,1,1,1,1,1,1,1,-1,1,0,1,-1
-1,1,1,-1,1,-1,1,1,-1,-1,-1,1,1,0,-1,-1,-1,1,0,1,1,-1,1,-1,1,-1,1,1,1,1,1
-1,-1,1,1,1,-1,0,-1,1,1,1,1,-1,0,-1,-1,1,1,0,1,1,1,1,-1,1,1,-1,1,1,1,1
-1,1,-1,1,-1,-1,1,-1,-1,1,1,-1,1,-1,-1,-1,1,-1,1,1,1,1,1,1,-1,1,1,1,1,1,-1
1,-1,1,1,1,-1,1,1,1,1,1,1,-1,0,0,-1,1,1,0,1,1,1,1,1,1,1,1,-1,0,1,1
-1,-1,1,1,1,-1,0,1,-1,1,1,1,1,0,-1,-1,1,1,0,1,1,1,1,-1,1,0,-1,1,1,1,-1
1,-1,1,1,1,-1,0,1,-1,1,1,1,1,0,0,0,1,1,0,1,1,1,1,-1,1,1,1,1,0,1,1
-1,-1,-1,1,-1,-1,1,1,-1,1,1,-1,1,1,0,-1,1,-1,0,1,1,1,1,-1,-1,1,1,-1,1,1,1
1,-1,1,1,1,-1,0,-1,1,1,1,1,-1,0,-1,-1,1,1,0,1,1,1,1,-1,1,1,-1,1,0,1,-1
1,1,1,1,1,1,0,1,-1,1,1,1,1,0,-1,1,1,1,0,1,1,1,1,-1,1,0,-1,1,0,1,1
-1,-1,1,1,1,-1,1,1,1,1,1,1,-1,0,1,0,1,1,0,1,1,1,1,-1,1,1,1,1,1,1,1
-1,-1,1,1,1,-1,0,1,1,1,1,1,-1,0,0,1,1,1,1,1,1,1,1,-1,1,0,-1,1,1,1,1
1,-1,1,-1,1,-1,-1,-1,1,1,1,1,-1,-1,0,-1,1,1,0,1,1,1,1,1,-1,-1,-1,1,1,1,-1
1,-1,1,1,1,-1,1,1,-1,1,1,1,1,0,0,-1,1,1,0,1,1,1,1,1,1,1,-1,1,0,1,1
-1,-1,1,1,1,-1,1,-1,1,1,1,1,-1,0,-1,-1,1,1,0,1,1,1,1,1,1,1,-1,-1,1,1,-1
1,-1,1,1,1,-1,1,1,-1,1,1,1,1,0,1,-1,1,1,0,1,1,1,1,1,1,0,-1,1,-1,1,-1
1,1,1,1,1,-1,1,0,-1,1,1,1,1,-1,-1,-1,1,1,1,1,1,1,1,1,1,-1,-1,1,0,1,-1
1,-1,1,1,1,-1,1,1,-1,1,1,1,-1,1,1,-1,1,1,0,1,1,1,1,-1,1,-1,-1,-1,0,-1,1
1,-1,1,1,1,-1,0,1,1,1,1,1,-1,0,-1,-1,1,1,0,1,1,1,1,-1,-1,1,1,1,1,1,1
-1,-1,1,1,1,-1,0,-1,1,1,1,1,-1,-1,0,-1,1,1,0,1,1,1,1,-1,1,0,-1,1,0,1,-1
-1,-1,1,-1,1,-1,1,1,-1,-1,1,-1,1,0,-1,1,-1,-1,0,-1,1,-1,-1,-1,1,1,-1,1,0,1,1
-1,-1,-1,-1,-1,-1,1,0,1,-1,-1,-1,-1,-1,1,-1,-1,-1,1,-1,-1,-1,-1,-1,-1,0,-1,-1,1,1,-1
-1,1,-1,1,-1,-1,0,-1,-1,1,1,-1,1,0,-1,-1,1,-1,1,1,1,1,1,1,-1,1,1,1,1,1,-1
-1,-1,1,-1,1,1,1,1,-1,-1,-1,1,1,1,0,-1,-1,1,0,-1,-1,-1,-1,1,1,-1,-1,1,1,1,1
1,-1,1,-1,1,-1,-1,-1,-1,1,1,1,1,-1,0,-1,1,1,0,1,1,1,1,-1,-1,-1,-1,1,0,1,-1
-1,1,1,1,1,-1,-1,-1,-1,1,1,1,1,-1,-1,-1,1,1,0,1,1,1,1,1,1,1,1,-1,1,1,-1
-1,1,1,1,1,-1,1,1,-1,1,1,1,1,1,1,1,1,1,0,1,1,1,1,1,1,1,-1,1,0,1,1
-1,-1,1,-1,1,-1,1,1,-1,-1,-1,1,-1,0,0,0,-1,1,0,-1,-1,-1,-1,-1,1,1,1,1,1,1,1
-1,-1,1,1,1,-1,-1,-1,1,1,1,1,-1,-1,0,-1,1,1,0,1,1,1,1,1,1,1,-1,-1,0,-1,-1
1,-1,1,-1,1,-1,1,0,-1,-1,-1,1,1,-1,-1,-1,-1,1,0,-1,-1,-1,-1,1,1,1,-1,1,1,1,-1
-1,-1,1,1,1,-1,-1,0,1,1,1,1,-1,-1,-1,-1,1,1,0,1,1,1,1,-1,1,0,-1,-1,1,1,-1
1,-1,1,1,1,1,-1,1,1,1,1,1,-1,0,1,-1,1,1,0,1,1,1,1,1,-1,1,-1,1,1,1,1
1,-1,1,1,1,-1,-1,-1,-1,1,1,1,-1,-1,0,-1,1,1,0,1,1,1,1,-1,-1,-1,-1,1,1,1,-1
-1,-1,1,1,1,-1,0,1,-1,1,1,1,1,0,0,-1,1,1,0,1,1,1,1,1,1,0,-1,1,0,1,-1
-1,-1,-1,1,-1,1,1,-1,-1,1,1,-1,1,1,0,-1,1,-1,1,1,1,1,1,1,-1,1,-1,1,1,1,1
-1,-1,-1,1,-1,-1,1,1,-1,1,1,-1,1,1,1,1,1,-1,0,1,1,1,1,-1,-1,1,-1,-1,1,1,1
1,-1,1,1,1,-1,1,1,-1,1,1,1,1,0,0,-1,1,1,0,1,1,1,1,1,1,1,-1,1,0,1,1
-1,-1,1,1,1,-1,0,-1,-1,1,1,-1,1,0,-1,-1,1,1,0,1,1,1,1,-1,1,0,-1,1,0,1,-1
1,-1,1,1,1,-1,0,1,-1,1,1,1,-1,0,1,-1,1,1,0,1,1,1,1,-1,-1,1,1,1,1,1,1
-1,-1,1,1,1,-1,1,1,-1,1,1,-1,-1,1,1,-1,1,1,0,1,1,1,1,-1,1,1,1,1,0,1,1
1,-1,1,1,1,-1,0,0,1,1,1,1,-1,-1,0,-1,1,1,0,1,1,1,1,1,1,-1,-1,-1,0,1,-1
1,1,1,1,1,1,1,1,-1,1,1,1,1,1,0,1,1,1,0,1,1,1,1,1,1,-1,1,1,0,1,1
1,-1,1,1,1,-1,0,1,-1,1,1,1,1,1,1,-1,1,1,0,1,1,1,1,-1,1,1,-1,1,0,1,1
-1,1,-1,1,-1,1,0,1,-1,-1,1,-1,1,1,1,1,-1,-1,1,1,1,-1,1,-1,-1,0,-1,1,1,-1,1
-1,-1,1,-1,1,1,1,1,-1,-1,-1,1,1,1,0,-1,-1,1,0,-1,-1,-1,-1,1,1,-1,-1,1,1,1,1
-1,-1,-1,1,-1,-1,-1,1,-1,1,1,-1,1,1,-1,-1,1,-1,1,1,1,1,1,1,1,1,1,1,1,1,1
1,-1,1,1,1,-1,0,1,-1,1,1,1,1,0,1,-1,1,1,0,1,1,1,1,-1,-1,1,-1,1,1,1,1
1,-1,1,1,1,-1,0,1,1,1,1,1,-1,0,0,-1,1,1,0,1,1,1,1,-1,1,-1,-1,1,0,1,1
-1,-1,-1,1,-1,-1,-1,1,-1,1,1,-1,1,0,-1,-1,1,-1,1,1,1,1,1,1,-1,1,-1,1,1,-1,1
-1,1,1,1,1,-1,1,1,-1,-1,1,1,1,0,-1,0,1,1,0,1,1,-1,1,1,1,1,1,1,1,1,1
-1,-1,1,1,1,-1,1,1,1,1,1,1,-1,0,0,1,1,1,1,1,1,1,1,-1,1,0,1,1,0,1,1
-1,-1,-1,1,-1,1,-1,1,-1,1,1,-1,-1,0,0,-1,1,-1,0,1,1,1,1,1,-1,1,-1,1,0,-1,1
1,1,1,1,1,-1,0,0,1,1,1,1,-1,-1,-1,-1,1,1,0,1,1,1,1,1,1,1,1,1,0,1,-1
-1,-1,1,1,1,-1,1,1,-1,1,1,1,-1,0,-1,0,1,1,0,1,1,1,1,-1,1,1,-1,1,0,1,1
1,-1,1,1,1,-1,0,-1,-1,-1,1,1,1,-1,1,-1,1,1,0,1,1,-1,1,-1,1,-1,-1,1,0,1,-1
-1,-1,1,-1,1,-1,0,0,1,1,1,1,-1,-1,0,-1,1,1,1,1,1,1,1,-1,1,-1,1,1,0,1,-1
1,-1,1,1,1,-1,-1,1,-1,1,1,1,-1,0,0,-1,1,1,0,1,1,1,1,-1,1,1,-1,1,0,1,1
-1,-1,1,1,1,-1,0,-1,1,1,1,1,1,-1,0,-1,1,1,0,1,1,1,1,-1,1,-1,-1,1,0,-1,-1
1,1,1,1,1,-1,1,1,-1,1,1,1,1,0,0,0,1,1,0,1,1,1,1,1,1,1,1,1,0,1,1
1,-1,1,1,1,-1,0,1,1,1,1,1,-1,0,-1,-1,1,1,0,1,1,1,1,1,-1,1,-1,1,1,1,1
-1,1,1,1,1,-1,1,1,-1,-1,1,1,1,0,1,-1,1,1,0,1,1,-1,1,1,1,-1,1,1,1,1,1
1,-1,1,1,1,-1,-1,1,1,-1,1,1,-1,1,0,-1,1,1,0,1,1,-1,1,1,1,0,-1,1,0,1,1
1,-1,1,1,1,-1,-1,-1,-1,1,1,1,1,0,-1,-1,1,1,0,1,1,1,1,-1,-1,1,-1,1,0,1,-1
-1,-1,1,1,1,-1,-1,0,1,1,1,1,-1,0,-1,0,1,1,0,1,1,1,1,1,1,0,-1,1,1,1,-1
-1,-1,-1,1,-1,-1,0,0,-1,-1,-1,-1,-1,-1,1,-1,-1,-1,1,-1,1,-1,1,1,-1,-1,-1,1,1,-1,-1
1,-1,1,1,1,-1,0,-1,1,1,1,1,-1,-1,-1,-1,1,1,0,1,1,1,1,-1,-1,-1,-1,1,0,1,-1
1,-1,1,1,1,-1,1,1,1,1,1,1,-1,1,1,1,1,1,0,1,1,1,1,-1,1,0,-1,1,0,1,1
1,1,1,1,1,-1,1,1,-1,1,1,1,-1,0,1,1,1,1,0,1,1,1,1,1,1,1,1,1,0,-1,1
1,-1,1,-1,1,-1,1,0,1,1,1,1,-1,-1,-1,-1,1,1,1,1,1,1,1,-1,1,1,-1,1,0,1,-1
-1,1,-1,1,-1,-1,0,0,1,1,1,-1,-1,-1,1,-1,1,1,0,-1,1,-1,1,-1,-1,-1,-1,1,0,1,-1
1,-1,1,-1,1,-1,-1,-1,-1,1,1,1,1,0,-1,0,-1,-1,0,1,1,1,1,1,1,1,-1,1,0,1,-1
1,-1,1,1,1,-1,-1,1,-1,1,1,1,1,0,0,-1,-1,1,0,1,1,1,1,1,1,1,-1,1,-1,1,1
1,1,1,1,1,-1,0,0,-1,1,1,1,1,-1,-1,-1,1,1,0,1,1,1,1,1,1,-1,1,1,0,1,-1
1,-1,1,1,1,-1,1,1,-1,1,1,1,1,0,0,-1,1,1,0,1,1,1,1,1,1,1,-1,1,0,1,1
1,-1,1,1,1,-1,-1,-1,-1,1,1,1,1,-1,-1,-1,1,1,0,1,1,1,1,-1,1,-1,-1,1,0,1,-1
1,-1,1,1,1,1,-1,1,-1,1,1,1,1,0,0,-1,1,1,0,1,1,1,1,1,1,1,-1,1,0,1,1
1,-1,1,1,1,-1,0,0,-1,1,1,1,-1,-1,0,-1,1,-1,0,1,1,1,1,1,-1,-1,-1,-1,0,1,-1
1,1,1,-1,1,-1,0,-1,-1,1,1,1,1,-1,0,1,1,1,0,1,1,1,1,-1,-1,-1,-1,1,0,1,-1
1,-1,1,1,1,-1,1,1,1,1,1,1,-1,-1,0,-1,1,1,0,1,1,1,1,1,-1,-1,-1,1,0,1,-1
1,-1,-1,1,-1,1,1,1,-1,1,1,-1,1,1,0,1,1,-1,1,1,1,1,1,1,-1,1,-1,1,1,1,1
1,1,1,1,1,-1,1,1,-1,1,1,1,1,0,1,-1,1,1,0,1,1,1,1,1,1,1,1,1,0,1,1
-1,-1,1,1,1,-1,1,1,-1,1,1,1,1,0,-1,-1,1,1,0,1,1,1,1,1,1,1,-1,1,0,1,1
1,-1,1,1,1,-1,-1,-1,1,1,1,1,-1,-1,-1,-1,1,1,0,1,1,1,1,-1,-1,0,-1,-1,0,1,-1
1,-1,1,1,1,-1,0,-1,1,1,1,1,-1,-1,-1,-1,1,1,0,1,1,1,1,-1,-1,-1,-1,-1,0,1,-1
1,-1,1,1,1,-1,1,-1,1,1,1,1,-1,-1,-1,-1,1,1,1,1,1,1,1,-1,1,-1,-1,1,0,1,-1
1,-1,1,1,1,-1,-1,-1,-1,1,1,1,-1,-1,0,-1,1,1,0,1,1,1,1,-1,1,-1,-1,1,0,1,-1
-1,-1,-1,1,1,1,1,1,-1,1,1,-1,1,0,-1,-1,1,1,0,1,1,1,1,-1,-1,1,1,1,-1,1,1
-1,-1,1,1,1,-1,-1,0,1,1,1,1,-1,-1,0,-1,1,1,0,1,1,1,1,1,1,0,-1,1,0,-1,-1
1,-1,1,1,1,-1,-1,1,-1,1,1,1,1,1,0,-1,1,1,0,1,1,1,1,1,-1,1,1,1,1,1,1
1,-1,1,1,1,-1,1,1,-1,1,1,1,1,1,0,-1,1,1,0,1,1,1,1,1,-1,-1,-1,1,1,1,1
-1,-1,-1,1,-1,1,0,1,-1,1,1,-1,1,1,0,-1,1,-1,0,1,1,1,1,-1,-1,1,-1,-1,1,1,1
1,-1,1,1,1,-1,0,1,-1,-1,-1,1,1,0,0,-1,-1,1,0,1,1,-1,-1,-1,-1,1,1,1,1,-1,1
-1,-1,-1,1,-1,-1,0,1,-1,1,1,-1,1,0,0,-1,1,-1,1,1,1,1,1,1,-1,1,-1,1,1,1,1
1,-1,1,1,1,-1,-1,-1,1,1,1,1,1,0,-1,-1,1,1,0,1,1,1,1,1,-1,1,-1,1,1,1,-1
-1,-1,1,1,1,-1,1,1,-1,1,1,1,1,0,-1,-1,1,1,1,1,1,1,1,-1,1,0,1,1,0,1,-1
-1,1,1,1,1,-1,-1,0,-1,1,1,1,-1,-1,-1,-1,1,1,0,1,1,1,1,1,1,-1,1,-1,1,1,-1
1,-1,1,1,1,-1,-1,0,1,1,1,1,-1,0,-1,-1,1,1,0,1,1,1,1,1,1,-1,-1,1,0,-1,-1
-1,-1,1,1,1,-1,-1,0,1,1,1,1,1,-1,-1,-1,1,1,0,1,1,1,1,1,1,0,-1,1,0,1,-1
-1,-1,1,1,1,-1,0,1,-1,-1,-1,1,1,-1,1,-1,-1,1,0,1,1,-1,1,1,1,1,-1,-1,1,1,-1
1,-1,1,1,1,-1,-1,-1,-1,1,1,1,1,0,0,-1,-1,1,0,1,1,1,1,-1,-1,1,-1,1,0,1,-1
1,-1,1,1,1,-1,0,-1,1,1,1,1,-1,0,-1,-1,1,1,1,1,1,1,1,-1,1,0,1,1,0,-1,-1
1,-1,1,-1,1,1,1,1,1,-1,-1,1,-1,1,0,-1,-1,1,0,-1,1,-1,-1,-1,1,1,1,1,0,1,1
-1,-1,1,1,1,-1,1,1,-1,1,1,1,-1,0,-1,-1,1,1,0,1,1,1,1,1,1,0,-1,1,1,1,1
1,-1,1,1,1,-1,-1,-1,1,1,1,1,1,-1,-1,-1,1,1,0,1,1,1,1,-1,-1,-1,-1,1,0,1,-1
1,-1,1,1,1,-1,1,-1,-1,1,1,1,1,0,1,-1,1,1,0,1,1,1,1,-1,1,0,-1,1,0,1,1
1,-1,1,1,1,-1,-1,-1,1,1,1,1,1,-1,-1,-1,1,1,0,1,1,1,1,-1,1,-1,-1,1,0,1,-1
1,-1,1,-1,1,-1,1,1,-1,-1,-1,1,1,1,-1,-1,-1,1,0,-1,1,-1,1,1,1,1,-1,1,0,1,1
1,-1,1,1,1,-1,-1,1,-1,1,1,1,1,1,0,-1,1,1,0,1,1,1,1,1,1,1,1,-1,0,1,1
1,-1,1,1,1,1,-1,1,1,1,1,1,-1,0,1,-1,1,1,0,1,1,1,1,-1,1,-1,-1,1,1,1,1
1,-1,1,1,1,-1,1,1,1,1,1,1,1,0,0,-1,1,1,0,1,1,1,1,1,-1,0,-1,-1,1,1,-1
-1,-1,-1,-1,-1,-1,0,-1,-1,-1,-1,-1,-1,0,1,-1,-1,-1,0,-1,1,1,-1,-1,-1,-1,1,-1,1,1,-1
-1,-1,-1,1,-1,-1,0,0,1,-1,-1,-1,-1,-1,1,-1,-1,-1,1,-1,1,-1,1,1,-1,-1,-1,1,1,-1,-1
1,-1,1,1,1,-1,0,0,1,1,1,1,-1,-1,0,-1,1,1,0,1,1,1,1,1,-1,-1,-1,-1,0,1,-1
1,-1,1,1,1,1,1,1,-1,1,1,1,1,1,1,1,-1,-1,0,1,1,1,1,1,1,-1,-1,1,-1,-1,1
1,-1,1,1,1,-1,1,1,1,1,1,1,-1,0,-1,-1,1,1,0,1,1,1,1,-1,1,1,1,1,0,1,1
1,-1,1,-1,1,1,1,1,-1,1,1,1,1,1,1,-1,1,1,0,1,1,1,1,1,1,1,-1,1,0,1,1
1,-1,1,1,1,-1,-1,1,-1,1,1,1,1,1,-1,-1,1,1,0,1,1,1,1,-1,1,0,-1,1,0,1,1
1,1,1,-1,1,-1,0,-1,-1,1,1,1,1,-1,0,1,1,1,0,1,1,1,1,-1,-1,-1,-1,-1,1,1,-1
1,1,1,-1,1,1,0,1,-1,-1,-1,1,1,1,-1,-1,-1,1,0,1,1,-1,-1,1,1,1,-1,1,0,1,1
1,-1,1,1,1,-1,-1,0,-1,1,1,1,1,0,1,-1,1,1,0,1,1,1,1,1,1,1,-1,1,0,1,-1
1,-1,1,1,1,-1,1,1,1,1,1,1,-1,1,1,-1,1,1,0,1,1,1,1,1,-1,-1,1,1,1,1,1
1,1,1,1,1,-1,0,-1,-1,1,1,1,1,-1,0,-1,1,1,1,1,1,1,1,1,1,-1,1,1,0,-1,-1
-1,1,1,1,1,-1,1,1,-1,1,1,1,1,1,1,-1,1,1,0,1,1,1,1,1,1,1,-1,1,1,1,1
1,-1,1,1,1,-1,0,0,-1,-1,-1,1,-1,-1,-1,-1,-1,1,0,-1,-1,-1,-1,1,-1,1,-1,1,1,-1,-1
-1,-1,1,-1,1,1,-1,1,-1,1,1,1,1,1,0,-1,1,1,0,1,1,1,1,-1,1,1,1,1,0,1,1
1,-1,1,1,1,-1,-1,-1,-1,1,1,1,1,-1,-1,-1,1,1,0,1,1,1,1,-1,-1,-1,-1,1,0,1,-1
1,-1,1,1,1,-1,-1,1,1,1,1,1,-1,0,0,-1,1,1,0,1,1,1,1,1,1,1,-1,1,0,1,1
1,-1,1,1,1,1,0,1,-1,1,1,1,1,0,0,-1,1,1,0,1,1,-1,1,-1,-1,1,-1,1,1,1,1
1,-1,1,-1,1,-1,-1,1,-1,-1,-1,1,-1,0,0,0,-1,1,0,-1,1,-1,-1,1,1,1,-1,1,0,1,1
1,1,1,-1,1,-1,1,-1,1,-1,-1,1,-1,-1,1,-1,1,1,0,-1,1,-1,-1,1,1,-1,-1,1,0,-1,-1
1,-1,1,1,1,-1,0,0,-1,1,1,1,-1,-1,0,-1,1,1,0,1,1,1,1,1,1,0,-1,1,0,1,-1
-1,1,1,1,1,-1,-1,0,1,1,1,1,-1,-1,0,-1,1,1,0,1,1,1,1,1,1,0,1,1,0,1,-1
-1,1,1,1,1,-1,1,1,-1,-1,1,1,1,0,0,0,1,1,0,-1,1,-1,1,1,1,1,1,1,-1,1,1
1,-1,1,1,1,-1,1,1,-1,-1,-1,1,1,0,0,-1,-1,1,0,1,1,-1,1,-1,1,1,-1,1,0,1,1
1,-1,1,1,1,-1,-1,-1,-1,1,1,1,-1,0,-1,-1,1,1,0,1,1,1,1,-1,-1,1,-1,-1,0,1,-1
1,-1,1,1,1,-1,-1,-1,-1,1,1,-1,1,0,-1,-1,1,1,0,1,1,1,1,-1,-1,0,-1,-1,0,1,-1
1,-1,1,-1,1,-1,0,-1,1,1,1,1,-1,-1,-1,-1,1,1,1,1,1,1,1,-1,1,-1,1,1,0,1,-1
-1,1,1,1,1,-1,0,0,-1,1,1,1,1,-1,0,-1,1,1,0,1,1,1,1,1,1,1,-1,1,1,1,-1
1,1,1,1,1,1,-1,1,-1,1,1,1,1,1,0,1,1,1,0,1,1,1,1,-1,1,1,-1,1,0,1,1
1,-1,1,1,1,-1,-1,1,-1,-1,-1,1,1,1,0,-1,-1,1,0,-1,-1,-1,-1,-1,1,1,1,1,0,-1,1
1,-1,1,1,1,-1,1,-1,-1,1,1,1,1,0,1,-1,1,1,0,1,1,1,1,1,1,-1,-1,1,1,1,1
-1,-1,1,1,1,-1,0,-1,1,1,1,1,-1,0,0,1,1,1,0,1,1,1,-1,-1,1,-1,1,1,1,-1,-1
1,-1,1,1,1,-1,1,1,1,1,1,1,-1,1,1,-1,1,1,0,1,1,1,1,-1,1,1,1,1,0,1,1
-1,-1,1,1,1,1,1,1,-1,-1,-1,1,1,0,0,-1,-1,1,0,-1,1,-1,1,1,1,1,-1,-1,1,1,1
-1,-1,1,1,1,-1,0,1,1,1,1,1,-1,0,0,1,1,1,0,1,1,1,1,1,1,1,-1,-1,0,1,1
1,1,1,-1,1,-1,-1,-1,-1,1,1,1,1,0,1,1,1,1,0,1,1,1,1,1,1,1,-1,1,0,1,-1
1,-1,1,1,1,1,0,1,1,1,1,1,-1,1,-1,-1,1,1,0,1,1,1,1,-1,-1,1,1,1,1,1,1
1,1,1,-1,1,-1,1,1,-1,-1,-1,1,1,1,0,1,-1,1,0,1,1,-1,1,1,1,1,1,1,1,1,1
1,-1,1,1,1,-1,0,1,-1,1,1,1,-1,0,-1,-1,1,1,0,1,1,1,1,-1,1,1,1,1,0,1,-1
1,-1,1,1,1,-1,1,0,-1,1,1,1,1,0,-1,-1,1,1,0,1,1,1,1,-1,1,1,1,1,0,1,1
1,1,1,1,1,1,-1,1,-1,-1,-1,1,1,1,-1,1,-1,1,0,1,1,-1,-1,-1,1,1,-1,1,0,-1,1
1,-1,1,1,1,-1,0,-1,-1,1,1,1,1,-1,0,-1,1,1,0,1,1,1,1,-1,1,-1,-1,1,0,1,-1
1,-1,1,1,1,-1,-1,-1,-1,1,1,1,1,0,0,-1,1,1,0,1,1,1,1,-1,1,0,-1,1,0,1,-1
-1,-1,-1,-1,-1,-1,-1,-1,-1,-1,-1,-1,-1,0,1,-1,-1,-1,1,-1,1,1,-1,1,-1,1,-1,1,1,1,-1
1,-1,1,1,1,-1,0,-1,-1,1,1,1,1,0,-1,-1,1,1,0,1,1,1,1,1,1,0,-1,-1,0,1,-1
1,-1,1,1,1,-1,-1,1,1,1,1,1,1,0,0,-1,1,1,0,1,1,1,1,1,-1,-1,-1,1,1,1,1
-1,1,1,1,-1,-1,1,1,-1,-1,1,-1,1,0,1,-1,1,1,0,-1,1,-1,1,1,1,-1,1,1,0,1,1
1,-1,1,1,1,-1,1,1,-1,1,1,1,-1,0,-1,-1,1,1,0,1,1,1,1,1,1,1,1,1,0,1,1
-1,-1,1,1,1,-1,-1,-1,1,1,1,1,-1,-1,-1,-1,1,1,0,1,1,1,1,1,1,1,-1,-1,1,1,-1
1,-1,1,1,1,-1,-1,-1,1,1,1,1,-1,-1,0,-1,1,1,0,1,1,1,1,-1,-1,-1,-1,1,1,1,-1
1,1,1,1,1,-1,-1,0,-1,1,-1,1,1,1,-1,-1,1,1,0,1,1,1,1,1,1,1,-1,1,0,1,-1
1,-1,1,1,1,-1,1,1,1,1,1,1,-1,0,0,-1,1,1,0,1,1,1,1,1,1,1,1,1,0,1,1
-1,1,1,1,1,1,1,1,-1,1,1,1,1,1,0,-1,1,1,0,1,1,1,1,1,1,-1,-1,1,1,1,1
1,1,1,1,1,-1,1,1,-1,-1,1,1,1,0,0,1,1,1,0,-1,1,-1,1,1,-1,1,-1,1,-1,1,1
-1,-1,1,1,1,-1,0,-1,1,1,1,1,-1,-1,0,-1,1,1,1,1,1,1,1,-1,1,-1,1,1,1,-1,-1
-1,-1,1,1,1,-1,1,-1,-1,1,1,1,1,-1,-1,-1,1,1,0,1,1,1,1,1,1,0,-1,1,0,1,-1
-1,-1,-1,-1,-1,1,1,1,-1,1,1,-1,1,1,1,-1,-1,-1,0,1,1,1,1,1,-1,-1,-1,1,0,1,1
1,-1,1,1,1,-1,1,1,-1,1,1,1,1,1,1,-1,1,1,0,1,1,1,1,-1,1,0,-1,1,0,1,1
-1,-1,-1,1,-1,-1,1,1,1,1,1,-1,1,0,1,-1,1,-1,1,1,1,1,1,1,-1,1,-1,1,1,1,1
1,-1,1,1,1,-1,-1,-1,-1,-1,-1,1,1,0,-1,-1,-1,1,0,1,1,-1,1,-1,-1,0,-1,-1,0,-1,-1
1,1,1,1,1,-1,1,1,-1,1,1,1,1,1,0,1,1,1,0,1,1,1,1,1,1,-1,1,1,0,1,1
-1,-1,1,1,1,-1,-1,0,1,1,1,1,-1,-1,-1,-1,1,1,0,1,1,1,1,1,1,0,-1,1,1,1,-1
1,-1,1,1,1,-1,0,-1,-1,1,1,1,1,-1,0,-1,1,1,0,1,1,1,1,-1,1,-1,-1,1,0,-1,-1
1,-1,1,1,-1,-1,0,-1,-1,1,1,1,1,0,0,-1,-1,1,1,1,1,1,1,-1,1,0,1,-1,0,1,-1
1,-1,1,-1,1,-1,1,1,-1,-1,-1,1,1,0,-1,0,-1,1,0,1,-1,-1,-1,1,1,1,-1,1,0,1,1
1,-1,1,-1,1,-1,-1,1,-1,-1,-1,1,1,1,-1,1,-1,1,0,-1,1,-1,-1,-1,1,1,-1,1,0,1,1
-1,-1,1,1,1,1,1,1,-1,1,1,1,1,0,0,-1,-1,1,0,1,1,1,1,1,1,1,-1,1,0,1,1
-1,1,1,1,1,-1,1,1,1,-1,1,1,-1,0,0,-1,1,1,1,-1,1,-1,1,1,1,1,1,1,0,1,1
1,-1,1,1,1,-1,-1,-1,-1,1,1,1,1,0,-1,-1,-1,1,0,1,1,1,1,1,-1,1,-1,1,-1,1,-1
-1,-1,-1,1,-1,1,1,1,-1,1,1,-1,1,0,0,-1,1,-1,1,1,1,1,1,-1,-1,-1,-1,1,1,1,1
-1,-1,1,1,1,-1,1,1,-1,1,1,1,-1,0,1,1,1,1,0,1,1,1,1,-1,1,0,-1,1,1,1,1
1,1,1,1,1,-1,0,0,-1,1,1,1,1,1,0,1,1,1,0,1,1,1,1,1,1,-1,-1,-1,0,1,-1
1,-1,1,1,1,-1,0,-1,1,1,1,1,-1,-1,-1,-1,1,1,0,1,1,1,1,-1,-1,-1,-1,1,0,1,-1
1,-1,1,1,1,-1,0,1,-1,1,1,1,1,0,-1,-1,1,1,0,1,1,1,1,-1,1,1,-1,-1,0,1,-1
-1,-1,1,-1,-1,1,1,1,1,-1,-1,-1,-1,0,1,1,-1,-1,1,-1,1,-1,1,-1,1,0,-1,1,0,1,1
1,-1,1,1,1,-1,1,1,1,1,1,1,-1,0,0,-1,1,1,0,1,1,1,1,1,-1,0,1,-1,0,1,1
1,-1,1,1,1,-1,1,1,-1,1,1,1,1,1,1,-1,1,1,0,1,1,1,1,-1,1,1,1,1,0,-1,1
1,-1,1,1,1,-1,0,1,-1,1,1,1,1,1,0,-1,1,1,0,1,1,1,1,-1,1,1,-1,1,-1,1,1
1,1,1,1,1,1,-1,1,-1,1,1,1,1,1,0,1,1,1,0,1,1,1,1,-1,1,1,-1,1,0,1,1
-1,-1,1,1,1,-1,1,-1,1,1,1,1,-1,0,-1,-1,1,1,0,1,1,1,1,1,1,1,-1,1,1,1,-1
1,1,1,1,1,-1,1,1,-1,1,1,1,1,0,-1,0,1,1,0,1,1,1,1,-1,1,0,1,1,0,1,1
1,-1,1,1,1,-1,0,1,-1,1,1,1,-1,0,1,-1,1,1,0,1,1,1,1,1,1,0,-1,-1,0,1,-1
1,0,1,1,1,-1,-1,1,-1,-1,1,-1,-1,-1,0,-1,1,1,0,-1,1,-1,-1,-1,-1,0,-1,1,0,1,-1
1,-1,1,1,1,1,-1,1,-1,1,1,1,1,0,0,-1,1,1,0,1,1,1,1,1,1,1,-1,1,1,1,1
1,-1,1,1,1,-1,-1,1,-1,1,1,1,1,0,0,-1,1,1,0,1,1,1,1,-1,1,1,-1,1,0,1,1
-1,-1,1,1,1,-1,1,0,1,1,1,1,-1,0,-1,0,1,1,0,1,1,1,1,-1,1,-1,-1,1,1,1,-1
1,-1,1,1,1,-1,-1,-1,-1,1,1,1,-1,0,0,-1,1,1,0,1,1,1,1,-1,-1,-1,1,1,1,1,-1
-1,-1,-1,1,-1,-1,1,1,-1,1,1,-1,1,0,0,-1,1,-1,0,1,1,1,1,1,-1,1,-1,1,-1,-1,1
1,-1,1,1,1,-1,-1,-1,1,-1,-1,1,1,-1,0,-1,-1,1,0,1,1,-1,1,-1,-1,0,-1,1,0,-1,-1
-1,-1,1,1,1,-1,0,-1,-1,1,1,1,1,-1,0,-1,1,1,0,1,1,1,1,1,1,1,-1,1,1,1,-1
-1,-1,1,1,1,-1,-1,-1,-1,1,1,1,1,1,0,-1,1,1,1,1,1,1,1,-1,1,1,1,1,0,1,-1
1,-1,1,1,1,-1,0,1,-1,1,1,1,-1,0,-1,-1,1,1,0,1,1,1,1,-1,1,0,-1,1,0,1,1
1,-1,1,1,1,-1,1,1,-1,1,1,1,1,1,1,-1,1,1,0,1,1,1,1,1,1,1,-1,1,0,1,1
1,1,1,1,1,-1,-1,-1,1,1,1,1,-1,-1,0,1,1,1,0,1,1,1,1,-1,-1,0,-1,1,1,1,-1
-1,-1,1,1,1,-1,1,-1,1,1,1,1,-1,0,0,-1,1,1,0,1,1,1,1,-1,1,1,-1,1,1,1,1
1,-1,1,1,1,-1,0,1,1,1,1,1,-1,0,0,-1,1,1,0,1,1,1,1,-1,1,1,-1,1,1,1,1
1,-1,1,1,1,1,-1,1,1,-1,-1,1,-1,1,0,-1,-1,1,0,1,1,-1,-1,-1,1,-1,-1,1,0,1,1
1,-1,1,-1,1,-1,0,0,-1,1,1,1,-1,-1,0,-1,1,1,0,1,1,1,1,1,-1,-1,-1,1,0,1,-1
1,-1,1,1,1,-1,-1,-1,1,1,1,1,-1,0,-1,-1,1,1,0,1,1,1,1,-1,-1,0,-1,-1,0,1,-1
-1,-1,1,1,1,-1,0,-1,-1,1,1,1,-1,-1,-1,-1,1,1,0,1,1,1,1,-1,1,-1,1,1,1,1,-1
1,-1,1,1,1,-1,-1,1,-1,1,1,1,-1,0,-1,-1,1,1,0,1,1,1,1,-1,-1,0,-1,-1,0,1,-1
-1,-1,1,1,1,-1,1,0,1,1,1,1,-1,1,-1,-1,1,1,1,1,1,1,1,-1,1,-1,1,1,1,1,-1
-1,-1,-1,1,-1,1,1,1,-1,1,1,-1,1,1,1,-1,1,-1,1,1,1,1,1,1,-1,1,-1,1,1,1,1
1,-1,1,1,1,-1,1,1,-1,1,1,1,1,0,0,-1,1,1,0,1,1,1,1,1,1,1,-1,1,0,1,1
1,-1,1,1,1,-1,0,1,-1,1,1,1,-1,0,1,-1,1,1,0,1,1,1,1,-1,1,0,-1,1,0,1,-1
1,-1,1,1,1,-1,-1,1,-1,-1,-1,1,1,0,0,-1,-1,1,0,1,1,-1,1,1,1,1,-1,1,0,1,1
-1,1,1,-1,1,1,1,1,-1,-1,-1,1,1,1,1,1,-1,1,0,-1,1,-1,-1,1,1,1,1,1,1,1,1
-1,-1,-1,1,-1,-1,1,1,-1,1,1,-1,-1,0,-1,-1,1,-1,1,1,1,1,1,1,-1,1,1,-1,1,1,1
1,-1,1,1,1,1,1,1,1,1,1,1,-1,1,-1,-1,1,1,0,1,1,-1,1,1,1,1,-1,1,0,1,1
1,1,1,1,1,-1,1,1,-1,1,1,-1,1,0,0,1,1,-1,0,1,1,1,1,1,1,1,-1,1,0,-1,1
1,-1,1,1,1,-1,0,-1,-1,1,1,1,1,-1,-1,-1,1,1,0,1,1,1,1,-1,1,1,-1,1,0,1,-1
1,-1,1,1,1,-1,1,1,-1,1,1,-1,1,0,1,-1,1,1,0,1,1,1,1,-1,1,0,1,1,-1,1,1
-1,-1,1,1,1,-1,-1,0,1,1,1,1,1,1,0,-1,1,1,0,1,1,1,1,1,1,1,-1,1,1,-1,-1
1,-1,1,1,1,-1,0,1,-1,1,1,1,1,0,-1,-1,1,1,0,1,1,1,1,1,1,0,-1,-1,0,1,-1
1,-1,1,-1,1,-1,0,-1,-1,-1,-1,1,-1,-1,-1,-1,-1,1,0,-1,-1,-1,-1,-1,1,1,-1,1,0,1,-1
-1,-1,1,1,1,-1,1,-1,-1,1,1,1,-1,0,0,0,1,1,0,1,1,1,1,1,1,1,-1,1,1,1,1
-1,-1,-1,1,-1,-1,1,1,1,-1,1,-1,-1,0,1,-1,1,-1,1,1,1,-1,1,1,1,0,-1,1,1,-1,1
1,-1,1,1,1,-1,0,0,-1,1,1,1,-1,-1,-1,-1,1,1,0,1,1,1,1,-1,1,0,1,1,0,1,-1
1,-1,1,1,1,-1,1,1,-1,1,1,1,-1,0,-1,1,1,1,0,1,1,1,1,1,1,-1,-1,1,0,1,1
1,-1,1,1,1,-1,0,-1,1,1,1,1,-1,0,0,-1,1,1,0,1,1,1,1,-1,1,1,1,1,0,1,-1
1,-1,1,1,1,-1,-1,1,-1,1,1,1,-1,0,0,-1,1,1,0,1,1,1,1,-1,1,1,-1,1,0,-1,1
1,-1,1,1,1,1,-1,1,-1,1,1,1,1,0,0,-1,1,1,0,1,1,1,1,1,1,1,-1,1,1,1,1
1,-1,1,1,1,-1,-1,1,-1,1,1,1,1,0,1,1,1,1,0,1,1,1,1,-1,1,1,1,1,1,1,1
1,1,1,1,1,-1,0,-1,-1,1,1,1,1,0,0,0,1,1,0,1,1,1,1,1,1,0,1,1,0,1,-1
-1,-1,1,1,1,-1,0,-1,-1,1,1,1,1,1,0,1,1,1,0,1,1,1,1,-1,1,1,1,1,0,1,1
1,-1,1,1,1,-1,0,0,1,1,1,1,-1,-1,-1,-1,1,1,0,1,1,1,1,-1,1,-1,-1,1,0,1,-1
-1,1,-1,1,-1,-1,1,1,-1,1,1,-1,1,0,-1,1,1,-1,1,1,1,1,1,1,-1,1,-1,1,1,-1,1
-1,-1,-1,1,-1,1,0,1,-1,1,1,-1,1,1,0,-1,1,-1,1,1,1,1,1,1,-1,1,-1,1,1,1,1
-1,-1,1,1,1,-1,0,0,1,1,1,1,-1,-1,-1,0,1,1,0,1,1,1,1,-1,1,-1,-1,1,1,1,-1
1,-1,1,1,1,1,0,-1,-1,1,1,1,1,1,-1,-1,1,1,0,1,1,1,1,1,1,0,-1,1,0,1,1
1,-1,1,1,1,-1,-1,-1,1,1,1,1,-1,0,0,-1,1,1,0,1,1,1,1,-1,1,-1,-1,-1,0,1,-1
1,1,1,1,1,-1,1,-1,-1,1,1,1,1,0,1,-1,1,1,0,1,1,1,1,1,1,1,1,1,0,-1,-1
1,-1,1,1,1,-1,0,1,-1,1,1,1,1,1,0,-1,1,1,0,1,1,1,1,-1,1,1,-1,1,0,1,1
1,-1,1,1,1,-1,0,0,1,1,1,1,-1,-1,0,-1,1,1,0,1,1,1,1,1,1,-1,-1,-1,0,1,-1
1,-1,1,1,1,-1,1,-1,-1,1,1,1,-1,-1,0,-1,-1,1,0,1,1,1,1,-1,1,-1,-1,1,0,1,-1
-1,-1,1,1,1,-1,1,-1,-1,1,1,1,-1,0,-1,1,1,1,0,1,1,1,1,-1,1,-1,1,1,0,1,-1
1,-1,1,1,1,1,-1,1,1,1,1,1,-1,0,1,-1,1,1,0,1,1,1,1,-1,-1,-1,-1,1,1,1,1
-1,-1,-1,1,-1,-1,0,0,-1,-1,1,-1,1,-1,1,-1,1,-1,0,-1,1,-1,1,1,-1,1,-1,1,0,-1,-1
1,-1,1,1,1,-1,1,-1,-1,1,1,1,1,0,-1,-1,1,1,0,1,1,1,1,1,1,1,-1,1,0,1,-1
1,-1,1,1,1,1,-1,1,1,-1,-1,1,-1,1,-1,-1,-1,1,0,1,1,-1,1,1,-1,1,-1,1,1,1,1
-1,1,1,1,1,-1,-1,-1,-1,1,1,1,1,-1,0,-1,1,1,1,1,1,1,1,1,1,-1,-1,1,1,-1,-1
1,-1,1,1,1,-1,0,1,-1,1,1,1,1,0,0,-1,1,1,0,1,1,1,1,1,1,-1,-1,1,0,1,1
1,-1,1,1,1,1,1,1,1,1,1,1,-1,1,1,-1,1,1,0,1,1,1,1,1,1,1,-1,1,0,1,1
-1,-1,-1,1,-1,-1,0,0,1,1,1,-1,-1,-1,1,-1,1,-1,1,1,1,1,1,1,1,-1,-1,1,0,1,-1
1,-1,1,1,1,-1,-1,1,-1,1,1,1,1,-1,0,-1,1,1,0,1,1,1,1,1,1,1,-1,1,-1,1,1
-1,-1,-1,-1,-1,1,1,1,-1,1,1,-1,1,1,1,-1,-1,-1,0,1,1,1,1,1,-1,-1,-1,1,0,1,1
1,-1,1,1,1,-1,-1,-1,1,1,1,1,-1,-1,0,-1,1,1,0,1,1,1,1,-1,1,-1,-1,1,0,1,-1
1,-1,1,1,1,-1,-1,1,1,1,1,1,-1,0,-1,-1,1,1,0,1,1,1,1,-1,-1,1,-1,1,1,1,-1
1,1,1,1,1,-1,0,1,-1,-1,1,1,1,0,-1,1,1,1,0,-1,1,-1,1,-1,1,1,-1,1,0,1,1
-1,1,1,-1,-1,-1,1,-1,-1,-1,-1,1,1,-1,-1,0,-1,-1,1,-1,1,-1,1,1,1,1,1,1,-1,1,-1
1,-1,1,1,1,-1,1,1,-1,1,1,1,1,1,1,-1,1,1,0,1,1,1,1,1,1,1,-1,1,0,1,1
1,-1,1,1,1,1,-1,1,-1,1,1,1,1,0,0,-1,1,1,0,1,1,1,1,1,-1,1,-1,1,1,1,1
1,-1,1,1,1,1,-1,1,-1,1,1,1,1,0,0,-1,1,1,0,1,1,1,1,1,-1,1,1,1,1,1,1
-1,-1,1,1,1,1,1,1,-1,-1,-1,1,1,0,0,-1,-1,1,0,-1,1,-1,1,-1,1,1,1,1,1,1,1
1,1,1,1,1,-1,0,-1,-1,1,1,1,1,0,0,1,1,1,0,1,1,1,1,-1,-1,1,-1,1,0,-1,1
1,1,1,1,1,-1,1,1,-1,-1,1,1,1,0,-1,1,1,1,0,1,1,-1,1,1,1,1,-1,1,1,1,1
1,-1,1,1,1,-1,0,1,-1,1,1,1,1,0,-1,-1,1,1,0,1,1,1,1,-1,1,1,-1,1,0,1,1
-1,1,1,-1,1,-1,0,-1,1,1,1,1,1,-1,-1,-1,1,1,0,1,1,1,1,1,1,1,1,1,0,1,-1
-1,1,1,-1,1,-1,-1,-1,-1,1,1,1,1,0,0,0,1,1,0,1,1,1,1,1,1,1,-1,1,0,1,1
1,-1,1,1,1,-1,1,1,-1,1,1,1,-1,1,0,-1,1,1,0,1,1,1,1,1,1,-1,-1,-1,1,1,1
1,-1,1,1,1,-1,1,1,-1,1,1,1,-1,0,0,-1,1,1,0,1,1,1,1,1,1,1,-1,1,0,1,1
1,-1,1,-1,-1,-1,1,1,-1,1,1,1,1,1,0,1,1,1,1,1,1,1,1,-1,1,1,-1,1,0,1,1
1,-1,1,1,1,-1,0,1,-1,1,1,1,1,1,0,-1,1,1,0,1,1,1,1,-1,1,0,-1,1,0,1,1
1,-1,1,1,1,-1,1,1,-1,1,1,1,1,0,0,-1,1,1,0,1,1,1,1,-1,1,0,-1,1,0,1,1
1,-1,1,1,1,-1,1,1,-1,1,1,1,-1,1,-1,-1,1,1,0,1,1,1,1,1,1,1,-1,1,0,1,1
1,-1,1,1,1,1,0,1,-1,1,1,1,1,1,0,-1,1,1,0,1,1,1,1,-1,-1,1,-1,1,0,-1,1
1,-1,1,1,1,-1,0,1,-1,1,1,-1,1,0,1,-1,1,1,0,1,1,1,1,1,1,1,-1,1,-1,1,1
-1,1,1,1,1,-1,1,1,-1,1,1,1,1,0,0,1,1,1,0,1,1,1,1,1,1,1,-1,1,0,1,1
-1,1,1,-1,-1,-1,0,-1,-1,-1,-1,1,1,-1,-1,1,-1,-1,0,-1,1,-1,1,1,1,1,1,-1,-1,1,-1
1,-1,1,1,1,-1,-1,1,-1,1,1,1,1,1,0,-1,1,1,0,1,1,1,1,1,-1,-1,1,1,1,1,1
1,-1,1,1,1,-1,1,1,-1,1,1,1,1,0,0,1,1,1,0,1,1,1,1,1,1,-1,-1,1,0,1,1
1,1,1,1,1,1,0,1,-1,1,1,1,1,0,-1,1,1,1,0,1,1,1,1,-1,1,0,-1,-1,0,1,1
1,-1,1,1,1,1,-1,1,-1,1,1,1,1,1,1,-1,1,1,0,1,1,1,1,1,1,1,-1,1,0,1,1
1,-1,1,1,1,-1,-1,-1,1,1,1,1,-1,-1,-1,-1,1,1,0,1,1,1,1,-1,1,0,-1,-1,0,1,-1
-1,1,-1,1,-1,-1,-1,1,-1,1,1,-1,1,1,0,1,1,-1,1,1,1,1,1,1,-1,1,-1,1,1,1,1
-1,-1,1,1,1,-1,0,-1,-1,1,1,1,-1,-1,-1,-1,1,1,0,1,1,1,1,-1,1,-1,1,1,0,-1,-1
1,1,-1,1,1,1,-1,1,-1,1,1,-1,1,0,1,1,1,1,0,1,1,1,1,1,1,1,-1,1,-1,1,1
1,-1,1,1,1,-1,0,1,-1,1,1,-1,1,0,1,-1,1,1,0,1,1,1,1,1,1,1,-1,1,-1,1,1
1,-1,1,1,1,-1,0,1,-1,1,1,-1,1,-1,-1,-1,1,1,0,1,1,1,1,-1,1,0,1,1,0,1,-1
-1,-1,-1,1,-1,1,-1,1,-1,1,1,-1,1,0,0,-1,1,-1,0,1,1,1,1,-1,-1,1,-1,-1,1,1,1
1,-1,1,1,1,1,-1,1,1,1,1,1,-1,0,1,-1,1,1,0,1,1,1,1,1,-1,1,-1,1,1,1,1
1,1,1,1,1,-1,-1,1,-1,-1,1,1,1,0,1,1,1,-1,0,-1,1,-1,1,-1,-1,0,-1,1,-1,-1,-1
-1,-1,1,1,1,-1,1,1,1,1,1,1,1,0,-1,1,1,1,0,1,1,1,1,1,1,1,-1,1,1,1,1
1,-1,1,1,1,-1,0,1,-1,1,1,1,1,0,0,-1,1,1,0,1,1,1,1,1,1,0,-1,1,0,1,1
1,-1,1,1,1,-1,1,1,-1,1,1,1,1,1,1,-1,1,1,0,1,1,1,1,1,1,1,1,1,0,1,1
-1,-1,1,1,1,-1,-1,-1,1,1,1,1,1,-1,-1,-1,1,1,0,1,1,1,1,1,1,0,-1,1,0,1,-1
-1,-1,1,1,1,-1,-1,0,-1,1,1,1,1,0,-1,0,1,1,0,1,1,1,1,1,1,0,-1,-1,1,1,-1
-1,-1,1,1,1,-1,-1,-1,1,1,1,1,1,-1,0,-1,1,1,0,1,1,1,1,1,1,0,-1,-1,1,-1,-1
1,-1,1,1,1,-1,-1,-1,-1,1,1,1,-1,-1,-1,-1,1,1,0,1,1,1,1,-1,1,-1,1,1,0,-1,-1
1,-1,1,-1,1,-1,1,1,-1,1,1,1,1,0,1,-1,1,1,0,1,1,1,1,1,1,1,1,1,0,1,1
-1,-1,-1,1,-1,-1,1,1,1,1,1,-1,-1,0,1,1,1,-1,1,1,1,1,1,1,-1,1,-1,1,1,1,1
1,-1,1,1,1,1,0,1,1,-1,-1,1,-1,1,-1,-1,-1,1,0,-1,-1,-1,-1,-1,-1,1,-1,1,1,-1,1
-1,-1,-1,1,-1,-1,0,-1,-1,1,1,-1,1,-1,-1,-1,1,-1,0,1,1,1,1,-1,-1,1,1,-1,1,-1,-1
1,1,1,1,1,-1,-1,1,-1,-1,-1,1,1,0,-1,1,-1,1,0,-1,-1,-1,-1,1,-1,1,-1,1,1,-1,1
-1,-1,1,-1,1,1,1,1,-1,-1,-1,1,1,1,-1,-1,-1,1,0,1,1,-1,1,1,1,-1,-1,1,1,1,1
1,-1,1,1,1,-1,0,1,-1,-1,-1,1,1,1,1,-1,-1,1,0,-1,1,-1,1,-1,-1,1,-1,1,1,-1,1
1,-1,1,1,1,-1,0,1,1,1,1,1,-1,0,0,-1,1,1,0,1,1,1,1,-1,1,-1,-1,1,0,1,1
1,-1,1,1,1,-1,-1,1,-1,1,1,1,1,0,-1,1,1,1,0,1,1,1,1,-1,1,1,1,1,0,1,1
1,-1,1,1,1,1,1,1,1,1,1,1,-1,1,0,-1,1,1,0,1,1,1,1,1,-1,-1,-1,1,1,1,1
1,-1,1,-1,1,-1,-1,-1,1,-1,-1,1,-1,0,0,0,-1,1,0,-1,-1,-1,-1,1,1,0,-1,1,0,1,-1
1,-1,1,1,1,-1,-1,1,-1,-1,-1,1,1,0,1,-1,-1,1,0,1,-1,-1,-1,1,-1,1,1,1,1,-1,1
1,-1,1,1,1,-1,0,1,1,1,1,1,-1,1,0,-1,1,1,0,1,1,1,1,-1,1,1,-1,1,0,1,1
-1,-1,1,1,1,-1,0,-1,-1,1,1,1,-1,-1,-1,-1,-1,1,1,1,1,1,1,1,1,1,-1,-1,1,1,-1
1,-1,1,1,1,-1,1,1,-1,1,1,1,1,0,1,-1,1,1,0,1,1,1,1,1,1,-1,-1,1,0,1,1
1,-1,-1,1,1,-1,1,1,-1,1,1,-1,1,0,-1,-1,-1,-1,0,1,1,1,1,1,-1,0,-1,1,1,-1,-1
1,1,1,-1,1,-1,-1,1,-1,1,1,1,1,0,1,1,1,1,0,1,1,1,1,-1,1,1,-1,1,0,1,1
-1,-1,-1,1,-1,1,1,1,-1,1,1,-1,1,0,-1,-1,1,-1,1,1,1,1,1,1,-1,1,-1,1,1,1,1
1,1,1,-1,1,-1,-1,-1,-1,-1,-1,1,-1,-1,0,-1,-1,1,0,-1,1,-1,-1,1,1,-1,1,1,0,1,-1
-1,-1,1,-1,1,-1,1,1,-1,-1,-1,1,1,1,0,-1,-1,1,0,-1,-1,-1,-1,1,1,0,-1,1,1,1,1
1,-1,1,1,1,-1,0,-1,1,1,1,1,-1,-1,-1,0,1,1,0,1,1,1,1,-1,1,0,-1,1,0,1,-1
1,-1,1,1,1,-1,-1,0,-1,1,1,1,1,-1,0,-1,1,1,0,1,1,1,1,1,1,0,-1,1,0,1,-1
1,0,1,1,1,-1,-1,1,-1,1,1,1,1,0,1,-1,-1,-1,0,1,1,1,1,1,1,1,-1,1,0,-1,1
-1,-1,1,1,1,1,-1,1,1,1,1,1,-1,1,-1,-1,1,1,0,1,1,1,1,1,1,1,-1,1,1,1,1
-1,-1,1,1,1,-1,-1,1,-1,1,1,1,1,0,0,-1,1,1,0,1,1,1,1,-1,1,-1,-1,1,1,1,1
1,-1,1,1,1,-1,1,1,-1,1,1,1,1,0,1,0,-1,1,0,1,1,1,1,-1,1,1,-1,1,-1,1,1
1,-1,1,1,1,1,-1,1,1,-1,-1,1,-1,1,0,-1,-1,1,0,1,1,-1,-1,-1,1,-1,-1,1,0,1,1
1,-1,1,1,1,-1,-1,-1,-1,1,1,1,1,-1,0,-1,1,1,0,1,1,1,1,-1,1,-1,-1,1,0,1,-1
1,-1,1,1,1,-1,0,0,-1,1,1,1,-1,-1,0,-1,1,1,0,1,1,1,1,1,1,0,-1,1,0,1,-1
1,-1,1,1,1,-1,1,-1,1,1,1,1,-1,0,0,-1,1,1,0,1,1,1,1,1,-1,1,-1,-1,1,1,-1
-1,-1,1,1,1,-1,1,0,-1,-1,-1,1,-1,-1,-1,-1,-1,1,0,1,1,-1,1,-1,1,1,-1,1,1,1,-1
1,1,1,1,1,-1,-1,1,1,1,1,1,1,0,0,1,1,1,0,1,1,1,1,1,-1,0,-1,1,1,1,1
-1,-1,1,1,1,-1,1,1,-1,1,1,1,1,0,0,-1,1,1,0,1,1,1,1,1,1,-1,-1,1,1,1,1
1,-1,1,1,1,1,-1,1,-1,1,1,1,1,0,-1,-1,1,1,0,1,1,1,1,1,-1,1,-1,1,1,1,1
-1,-1,1,1,1,-1,0,-1,1,1,1,1,1,0,-1,-1,1,1,1,1,1,1,1,-1,1,1,-1,1,1,1,-1
1,-1,1,1,1,-1,-1,1,-1,1,1,1,1,1,-1,-1,1,1,0,1,1,1,1,1,-1,1,-1,1,1,1,1
1,-1,1,1,1,-1,0,-1,1,1,1,1,-1,-1,-1,-1,1,1,0,1,1,1,1,-1,1,-1,-1,1,0,1,-1
1,1,1,-1,1,-1,1,0,-1,-1,-1,1,1,-1,-1,-1,-1,1,0,1,1,-1,1,1,1,0,-1,1,0,1,-1
1,-1,1,-1,1,-1,0,-1,1,-1,-1,1,1,-1,1,-1,-1,1,0,-1,-1,-1,-1,-1,-1,-1,-1,1,0,-1,-1
-1,-1,1,1,1,1,1,1,-1,1,1,1,1,1,1,-1,1,1,0,1,1,1,1,-1,1,1,-1,1,1,1,1
-1,-1,-1,-1,1,-1,1,1,1,-1,-1,1,-1,1,1,-1,1,1,0,-1,-1,-1,-1,1,1,-1,-1,1,1,1,1
1,-1,1,1,1,-1,0,0,1,1,1,1,-1,-1,-1,-1,1,1,0,1,1,1,1,1,-1,-1,-1,1,1,1,-1
-1,-1,1,1,1,-1,0,-1,-1,1,1,1,1,0,-1,-1,-1,1,0,1,1,1,1,-1,1,-1,1,1,-1,1,-1
1,-1,1,1,1,-1,0,1,1,1,1,1,-1,0,1,-1,-1,1,0,1,1,1,1,-1,-1,-1,-1,1,1,1,1
1,-1,1,1,1,-1,-1,1,-1,1,1,1,1,0,0,-1,1,1,0,1,1,1,1,1,-1,0,-1,1,1,1,1
1,1,1,1,1,1,1,1,-1,1,1,1,1,1,0,1,1,1,0,1,1,1,1,1,-1,-1,-1,1,1,1,1
-1,-1,1,1,1,-1,1,0,1,-1,-1,1,1,-1,1,-1,-1,1,0,1,1,-1,1,1,1,1,-1,1,1,1,-1
1,-1,1,1,1,-1,1,1,-1,1,1,1,1,0,0,1,1,1,0,1,1,1,1,-1,1,-1,-1,1,0,1,1
1,-1,1,1,1,1,-1,1,-1,-1,-1,1,-1,1,1,-1,-1,1,0,-1,-1,-1,-1,1,-1,1,-1,1,1,-1,1
1,0,1,1,1,-1,0,-1,1,1,1,1,-1,-1,1,1,-1,1,0,1,1,1,1,1,1,1,-1,-1,0,1,-1
1,-1,1,1,1,-1,-1,1,1,1,1,1,1,1,0,-1,1,1,0,1,1,1,1,1,1,1,1,-1,0,1,1
-1,-1,1,1,1,-1,0,1,-1,1,1,1,1,0,-1,-1,1,1,0,1,1,1,1,-1,1,1,-1,1,1,1,-1
1,-1,1,1,1,-1,1,1,-1,1,1,1,-1,0,1,1,1,1,0,1,1,1,1,-1,1,1,-1,1,0,1,1
1,-1,1,1,1,-1,1,1,-1,1,1,1,1,0,-1,1,1,1,0,1,1,1,1,1,1,1,-1,1,0,1,1
1,-1,1,-1,1,-1,-1,-1,1,1,1,1,1,-1,0,-1,1,1,0,1,1,1,1,-1,1,-1,-1,1,1,1,-1
-1,-1,1,1,1,-1,-1,-1,1,-1,1,1,-1,-1,1,-1,1,1,0,-1,1,-1,1,1,1,1,-1,1,1,1,-1
1,1,1,1,1,-1,1,1,-1,1,1,1,1,0,1,1,1,-1,0,1,1,1,1,1,1,1,-1,1,0,1,1
1,-1,1,1,1,-1,1,1,1,1,1,1,-1,0,0,1,1,1,0,1,1,1,1,-1,1,1,-1,1,0,1,1
1,-1,1,1,1,-1,1,1,1,1,1,1,1,0,1,1,1,1,0,1,1,1,1,1,1,1,-1,1,0,-1,1
1,-1,1,1,1,-1,1,1,-1,-1,-1,1,1,1,1,-1,-1,1,0,-1,-1,-1,-1,1,-1,1,1,1,1,-1,1
-1,-1,1,1,1,1,0,1,1,1,1,1,-1,1,-1,1,1,1,0,1,1,1,1,-1,1,1,1,1,1,1,1
1,-1,1,1,1,-1,1,1,-1,1,1,1,-1,1,0,1,1,1,0,1,1,1,1,1,1,1,-1,1,0,1,1
1,-1,1,1,1,1,1,1,-1,1,1,1,1,1,1,-1,1,1,0,1,1,1,1,-1,1,1,-1,1,-1,1,1
1,1,1,1,1,-1,1,1,-1,1,1,1,1,0,0,0,1,1,0,1,1,1,1,-1,1,1,1,1,0,1,1
1,-1,1,1,1,-1,-1,1,-1,1,1,1,1,0,0,-1,1,1,0,1,1,1,1,-1,-1,0,-1,1,0,1,-1
-1,-1,-1,1,-1,-1,1,-1,-1,-1,1,-1,1,-1,1,-1,1,1,1,-1,1,-1,1,1,-1,-1,-1,1,-1,1,-1
-1,-1,1,1,1,-1,0,-1,1,1,1,1,-1,0,0,-1,1,1,0,1,1,1,1,-1,1,1,1,1,0,1,-1
1,-1,1,1,1,-1,0,-1,-1,1,1,1,1,-1,0,-1,1,1,0,1,1,1,1,-1,1,-1,-1,1,0,1,-1
-1,-1,1,1,1,-1,1,0,1,1,1,1,-1,-1,0,-1,1,1,0,1,1,1,1,-1,1,0,-1,1,1,1,-1
1,-1,1,1,1,-1,1,1,-1,1,1,1,1,0,1,-1,1,1,0,1,1,1,1,1,-1,0,-1,1,1,1,1
-1,-1,1,1,1,-1,0,-1,1,1,1,1,1,0,0,-1,1,1,0,1,1,1,1,-1,1,1,-1,1,1,1,-1
1,1,1,1,1,-1,-1,1,-1,1,1,1,1,0,0,0,1,1,0,1,1,1,1,1,1,1,-1,1,0,1,1
1,-1,1,1,1,-1,-1,1,-1,1,1,1,1,1,0,-1,1,1,0,1,1,1,1,1,-1,1,1,1,1,-1,1
1,-1,1,1,1,-1,-1,1,-1,1,1,1,1,1,-1,-1,1,1,0,1,1,1,1,1,-1,1,-1,1,1,1,1
1,-1,1,1,1,-1,1,1,-1,1,1,1,1,0,1,-1,1,1,0,1,1,1,1,1,1,1,-1,1,0,1,1
-1,-1,-1,-1,-1,-1,1,-1,-1,-1,-1,-1,-1,-1,1,-1,-1,-1,0,1,1,-1,-1,1,-1,1,-1,1,1,-1,-1
-1,-1,1,1,-1,-1,1,-1,1,1,1,-1,-1,0,-1,-1,1,1,1,1,1,1,1,-1,1,1,-1,1,1,1,-1
1,-1,1,1,1,-1,0,-1,1,1,1,1,1,0,-1,-1,1,1,0,1,1,1,1,-1,-1,1,-1,1,1,1,-1
-1,-1,-1,-1,-1,-1,0,0,1,-1,-1,-1,-1,-1,1,-1,-1,-1,1,-1,-1,-1,-1,1,-1,0,-1,1,1,1,-1
1,-1,1,1,1,-1,0,0,1,1,1,1,-1,-1,0,-1,1,1,0,1,1,1,1,1,1,-1,-1,1,0,1,-1
1,-1,1,-1,1,1,1,1,1,-1,-1,1,-1,1,0,-1,-1,1,0,-1,1,-1,-1,1,1,1,-1,1,0,1,1
-1,1,1,1,1,-1,-1,-1,-1,1,1,1,1,-1,1,-1,1,1,0,1,1,1,1,1,1,0,1,1,1,1,-1
1,-1,1,-1,1,-1,-1,1,-1,1,1,1,-1,0,1,-1,1,1,0,1,1,1,1,1,1,1,1,1,0,1,1
1,-1,1,1,1,-1,1,1,-1,1,1,1,1,0,0,-1,1,1,0,1,1,1,1,-1,1,1,-1,1,0,1,1
1,-1,1,1,1,-1,1,1,1,1,1,1,-1,0,1,-1,1,1,0,1,1,1,1,1,-1,1,1,1,1,1,1
-1,-1,-1,1,-1,-1,-1,1,-1,-1,1,-1,1,-1,1,-1,1,-1,1,1,1,-1,1,-1,-1,0,-1,1,1,-1,-1
1,-1,1,1,1,-1,-1,-1,1,1,1,1,-1,0,0,-1,1,1,0,1,1,1,1,-1,1,1,-1,-1,0,1,-1
1,-1,1,1,1,-1,-1,-1,1,1,1,1,-1,0,0,-1,1,1,0,1,1,1,1,-1,1,-1,-1,-1,0,1,-1
-1,-1,1,1,1,-1,-1,-1,-1,1,1,1,-1,-1,-1,-1,1,1,0,1,1,1,1,1,1,1,-1,1,1,1,-1
-1,-1,1,-1,1,-1,1,1,-1,-1,-1,1,1,0,1,0,-1,1,0,-1,1,-1,-1,-1,1,1,-1,1,1,1,1
1,-1,1,1,1,-1,-1,-1,1,1,1,1,1,0,-1,-1,1,1,1,1,1,1,1,-1,1,0,1,1,0,1,-1
1,-1,1,1,1,-1,-1,-1,-1,1,1,1,-1,-1,0,-1,1,1,0,1,1,1,1,-1,-1,-1,-1,-1,0,1,-1
1,-1,1,1,1,-1,0,0,1,1,1,1,1,-1,-1,-1,1,1,0,1,1,1,1,1,-1,-1,-1,1,1,1,-1
1,-1,1,1,1,-1,-1,1,1,1,1,1,-1,1,1,-1,1,1,0,1,1,1,1,1,1,1,1,1,0,1,1
1,1,1,1,1,-1,1,1,-1,-1,1,1,1,0,-1,0,1,1,0,-1,1,-1,1,1,1,0,1,1,0,1,1
1,1,1,1,1,-1,1,1,-1,-1,-1,1,1,1,0,1,-1,1,0,1,1,-1,1,1,-1,1,1,-1,1,-1,1
1,-1,1,1,1,-1,0,1,-1,1,1,1,1,0,0,-1,1,1,0,1,1,1,1,-1,1,0,-1,1,0,1,-1
1,-1,1,1,1,-1,-1,-1,1,1,1,1,-1,0,0,-1,1,1,0,1,1,1,1,-1,-1,1,-1,1,0,1,-1
1,-1,-1,1,-1,-1,-1,1,1,1,1,1,-1,0,1,-1,1,1,1,1,-1,1,1,1,1,-1,-1,1,0,1,-1
-1,-1,-1,1,-1,-1,0,-1,-1,-1,-1,-1,-1,-1,1,-1,-1,-1,1,1,1,-1,-1,-1,-1,1,-1,1,1,-1,-1
-1,-1,-1,-1,-1,-1,-1,-1,-1,-1,-1,-1,1,-1,-1,-1,-1,-1,1,-1,-1,-1,-1,1,-1,0,-1,-1,1,1,-1
1,-1,1,1,1,-1,1,-1,1,1,1,1,-1,-1,1,-1,1,1,0,1,1,1,1,1,-1,-1,-1,1,1,1,-1
-1,-1,1,1,1,-1,-1,0,1,1,1,1,-1,-1,-1,-1,1,1,0,1,1,1,1,1,1,0,-1,-1,0,1,-1
1,-1,1,-1,1,-1,-1,1,-1,1,1,1,1,1,1,-1,1,1,0,1,1,1,1,-1,1,1,1,1,0,1,1
1,-1,1,1,1,-1,0,0,-1,1,1,1,-1,0,0,-1,1,1,0,1,1,1,1,-1,1,0,1,1,0,1,-1
1,-1,1,1,1,-1,1,-1,1,1,1,1,-1,0,-1,-1,1,1,0,1,1,1,1,1,-1,0,-1,1,1,1,-1
-1,-1,1,1,1,-1,-1,1,-1,1,1,1,1,0,1,1,1,1,0,1,1,1,1,1,1,1,-1,1,1,1,1
1,1,-1,1,1,-1,0,-1,1,1,1,1,-1,-1,-1,-1,1,1,0,1,1,1,1,-1,-1,0,-1,-1,1,1,-1
1,-1,1,1,1,-1,1,1,-1,1,1,1,1,1,1,-1,1,1,0,1,1,1,1,1,1,1,1,1,0,1,1
1,-1,1,1,1,-1,-1,-1,1,1,1,1,1,0,-1,0,1,1,0,1,1,1,1,1,1,1,-1,-1,0,1,-1
1,-1,1,-1,1,-1,1,1,-1,1,1,1,1,1,1,-1,1,1,0,1,1,1,1,1,1,1,-1,1,0,1,1
1,-1,1,1,1,-1,0,1,-1,1,1,1,1,1,0,-1,1,1,0,1,1,1,1,1,1,0,-1,1,0,1,1
-1,-1,-1,1,-1,-1,-1,1,-1,1,1,-1,1,0,1,-1,1,-1,1,1,1,1,1,1,-1,1,-1,1,1,1,1
-1,-1,1,1,1,1,1,1,-1,-1,1,1,1,0,1,-1,1,1,0,1,1,-1,1,1,1,1,-1,1,1,1,1
1,-1,1,1,1,-1,1,1,-1,1,1,1,1,0,-1,-1,1,1,0,1,1,1,1,1,1,0,-1,1,0,1,1
1,-1,1,1,1,1,0,-1,1,1,1,1,-1,0,0,-1,1,1,0,1,1,1,1,1,-1,1,-1,1,1,1,1
-1,-1,1,1,1,-1,0,1,-1,1,1,1,1,0,0,-1,1,1,0,1,1,1,1,1,1,1,-1,1,0,1,-1
1,-1,1,1,1,-1,0,0,1,1,1,1,-1,0,-1,-1,1,1,0,1,1,1,1,1,-1,-1,-1,1,1,1,-1
-1,-1,1,1,1,1,1,-1,-1,1,1,1,-1,1,1,-1,1,1,0,1,1,1,1,-1,1,0,-1,1,1,1,1
-1,-1,-1,1,-1,-1,0,1,-1,1,1,-1,1,0,-1,-1,1,-1,1,1,1,1,1,-1,-1,1,1,1,1,1,1
1,1,1,1,1,1,1,1,-1,-1,-1,1,1,1,1,1,-1,1,0,-1,1,-1,-1,1,-1,1,1,1,1,-1,1
1,1,1,-1,1,-1,-1,-1,-1,-1,-1,1,1,1,-1,-1,-1,1,0,-1,1,-1,-1,1,1,1,-1,1,1,1,1
1,-1,1,1,1,-1,-1,-1,-1,1,1,1,1,0,-1,-1,1,1,0,1,1,1,1,1,1,1,-1,1,0,1,-1
-1,1,1,1,1,-1,0,0,-1,1,1,1,1,-1,-1,-1,1,1,0,1,1,1,1,1,1,0,1,1,1,1,-1
-1,-1,-1,1,-1,-1,0,1,1,1,1,-1,-1,0,1,1,1,-1,0,1,1,1,1,-1,-1,1,1,-1,1,1,1
1,-1,1,1,1,-1,-1,1,-1,1,1,1,1,0,0,-1,1,1,0,1,1,1,1,-1,1,0,1,1,0,1,1
1,-1,-1,1,1,-1,-1,1,-1,1,1,1,-1,0,0,-1,1,1,0,1,1,1,1,-1,1,0,-1,1,0,1,1
1,-1,1,1,1,-1,0,-1,1,1,1,-1,-1,-1,-1,-1,-1,-1,0,1,1,1,1,1,-1,0,-1,1,-1,-1,-1
1,-1,1,1,1,-1,-1,-1,-1,-1,-1,1,1,-1,0,-1,-1,1,0,1,1,-1,1,-1,-1,-1,-1,-1,0,1,-1
-1,-1,-1,1,-1,-1,0,0,1,1,1,-1,-1,-1,1,-1,1,-1,1,1,1,1,1,1,-1,-1,-1,1,0,1,-1
1,-1,1,1,1,-1,0,0,-1,1,1,1,1,0,0,-1,1,1,0,1,1,1,1,1,1,-1,-1,1,0,1,-1
-1,-1,1,1,-1,-1,0,-1,1,1,1,1,-1,1,-1,1,1,1,0,1,1,1,1,-1,1,-1,-1,1,-1,-1,-1
1,-1,1,1,1,-1,1,1,1,1,1,1,-1,1,0,1,1,1,0,1,1,1,1,1,1,1,-1,1,0,1,1
1,-1,1,1,1,-1,1,1,1,1,1,1,-1,1,1,-1,1,1,0,1,1,1,1,1,1,1,1,-1,0,-1,1
1,-1,1,1,1,-1,-1,1,1,1,1,1,-1,-1,-1,-1,1,1,0,1,1,1,1,-1,1,0,-1,-1,1,1,-1
1,-1,1,1,1,-1,1,1,-1,1,1,1,-1,0,0,0,1,1,1,1,1,1,1,-1,1,1,-1,1,0,1,1
-1,-1,1,1,1,-1,1,1,-1,1,1,1,1,0,0,0,1,1,0,1,1,1,1,1,1,1,-1,1,0,1,1
1,-1,1,1,1,-1,1,1,1,1,1,1,-1,0,0,0,1,1,0,1,1,1,1,-1,1,1,-1,1,0,1,1
1,-1,1,1,1,1,-1,1,-1,1,1,1,1,0,0,-1,1,1,0,1,1,1,1,1,1,1,1,1,1,1,1
1,-1,1,1,1,-1,-1,1,-1,-1,-1,1,1,0,-1,-1,-1,1,0,1,-1,-1,-1,1,-1,1,1,1,1,-1,1
-1,1,1,1,1,-1,-1,-1,-1,1,1,-1,1,-1,-1,0,1,1,0,1,1,1,1,1,1,0,1,1,-1,1,-1
1,-1,1,1,1,-1,0,-1,-1,1,1,1,1,0,1,-1,1,1,0,1,1,1,1,1,1,0,-1,1,0,1,-1
-1,-1,-1,1,1,1,1,1,-1,1,1,-1,1,0,-1,-1,1,1,0,1,1,1,1,1,-1,1,-1,1,-1,1,1
-1,-1,1,-1,1,-1,1,0,-1,-1,-1,1,1,-1,-1,-1,-1,1,0,-1,1,-1,1,-1,1,-1,-1,1,1,1,-1
1,-1,1,1,1,-1,1,-1,-1,1,1,1,-1,-1,0,-1,1,1,0,1,1,1,1,1,1,-1,-1,1,0,1,-1
1,-1,1,1,1,-1,1,1,-1,1,1,1,1,0,1,-1,-1,-1,0,1,1,1,1,1,1,1,-1,-1,-1,-1,1
1,-1,1,-1,1,-1,0,1,-1,1,1,1,1,0,1,-1,1,1,0,1,1,1,1,-1,1,1,1,1,0,1,1
-1,-1,1,1,1,-1,-1,-1,-1,1,1,1,-1,-1,-1,-1,1,1,0,1,1,1,1,1,1,1,-1,-1,0,-1,-1
-1,-1,-1,-1,-1,-1,0,-1,-1,-1,1,-1,-1,-1,1,-1,-1,-1,0,-1,1,-1,1,-1,-1,0,1,-1,0,1,-1
1,1,1,1,1,-1,0,1,-1,-1,-1,1,1,0,0,1,-1,1,0,-1,1,-1,-1,-1,-1,1,-1,1,1,-1,1
-1,1,1,1,1,-1,-1,-1,-1,1,1,1,1,-1,0,-1,1,1,0,1,1,1,1,1,1,0,-1,1,1,1,-1
1,-1,1,1,1,-1,-1,-1,1,1,1,1,1,0,0,-1,1,1,0,1,1,1,1,1,-1,1,-1,1,1,1,-1
-1,-1,1,-1,1,-1,1,1,1,-1,-1,1,-1,1,1,1,-1,1,1,1,1,-1,1,-1,1,1,-1,1,1,1,1
1,-1,1,1,1,-1,1,1,-1,1,1,-1,-1,1,0,-1,-1,-1,0,1,1,1,1,1,1,-1,-1,1,0,-1,1
1,-1,1,1,1,-1,0,-1,-1,1,1,1,1,-1,0,-1,1,1,0,1,1,1,1,-1,1,1,-1,1,0,1,-1
1,-1,1,1,1,-1,1,-1,1,-1,-1,1,-1,0,-1,-1,-1,1,0,-1,1,-1,-1,1,-1,1,-1,1,1,-1,-1
1,-1,1,-1,1,-1,1,1,-1,1,1,1,1,0,1,1,1,1,0,1,1,1,1,-1,1,1,-1,1,0,1,1
1,-1,1,1,1,-1,0,-1,1,1,1,1,1,0,-1,-1,1,1,0,1,1,1,1,1,1,0,-1,1,0,-1,-1
1,-1,1,-1,1,-1,0,1,1,-1,-1,1,1,1,-1,-1,-1,1,0,-1,1,-1,-1,1,1,1,-1,-1,0,1,-1
1,-1,1,-1,1,-1,0,1,1,1,1,-1,-1,0,-1,-1,1,-1,0,1,1,1,1,-1,1,0,1,1,1,1,-1
-1,1,1,1,1,-1,-1,-1,-1,1,1,1,1,-1,-1,-1,1,1,0,1,1,1,1,1,1,-1,-1,1,0,-1,-1
1,1,1,1,1,1,-1,1,-1,1,1,1,1,0,0,1,1,1,0,1,1,1,1,-1,-1,1,-1,1,1,1,1
1,-1,1,1,1,-1,1,1,-1,1,1,1,1,1,0,-1,1,1,0,1,1,1,1,-1,1,1,1,1,0,1,1
1,-1,1,1,1,-1,-1,-1,1,1,1,1,-1,0,-1,-1,1,1,0,1,1,1,1,1,1,1,-1,1,0,1,1
1,-1,1,1,1,-1,-1,-1,-1,1,1,1,1,-1,0,-1,1,1,0,1,1,1,1,-1,-1,1,-1,1,1,1,-1
1,-1,1,1,1,-1,-1,1,-1,1,1,1,1,0,1,-1,1,1,0,1,1,1,1,-1,1,0,-1,1,0,1,-1
1,1,1,1,1,-1,1,-1,-1,1,1,1,1,0,1,-1,1,1,0,1,1,1,1,1,1,1,1,1,0,-1,-1
-1,-1,-1,1,-1,1,1,1,-1,1,1,-1,1,0,0,-1,1,-1,1,1,1,1,1,1,-1,1,-1,1,1,-1,1
@attribute Shortining_Service { 1,-1 }
-1,1,1,1,1,-1,0,-1,-1,-1,1,1,1,-1,1,-1,1,1,0,1,1,-1,1,1,1,-1,1,1,0,-1,-1
1,-1,1,1,1,-1,0,1,1,1,1,1,-1,0,0,0,1,1,1,1,1,1,1,-1,1,1,-1,1,0,1,1
-1,-1,1,1,1,-1,0,1,-1,1,1,1,1,0,-1,0,1,1,0,1,1,1,1,-1,1,1,-1,1,1,1,1
-1,-1,1,1,1,-1,-1,-1,-1,1,1,-1,-1,1,0,0,1,1,0,1,1,1,1,-1,1,1,1,1,0,1,1
1,1,1,-1,1,-1,0,0,-1,1,1,1,1,-1,0,1,1,1,0,1,1,1,1,1,-1,-1,-1,1,0,1,-1
1,-1,1,1,1,-1,-1,-1,1,1,1,1,-1,-1,-1,-1,1,1,0,1,1,1,1,-1,-1,-1,-1,1,0,1,-1
-1,-1,-1,1,-1,-1,-1,1,1,1,1,-1,-1,1,1,-1,1,-1,1,1,1,1,1,1,-1,1,-1,1,1,-1,1
1,-1,1,1,1,-1,0,0,1,1,1,1,1,-1,-1,-1,1,1,0,1,1,1,1,1,-1,-1,-1,1,0,1,-1
-1,-1,1,1,1,-1,1,1,-1,-1,1,1,1,0,-1,0,1,1,0,-1,1,-1,1,-1,1,1,1,1,1,1,1
1,-1,1,1,1,-1,-1,1,-1,1,1,1,1,0,1,-1,1,1,0,1,1,1,1,-1,1,0,-1,1,0,1,1
1,1,1,1,1,1,1,1,-1,1,1,1,1,1,0,-1,1,1,0,1,1,1,1,1,1,1,1,1,0,1,1
1,-1,1,1,1,-1,-1,-1,-1,1,1,1,-1,-1,-1,-1,1,1,0,1,1,1,1,-1,-1,-1,-1,1,1,1,-1
1,-1,1,1,1,-1,-1,-1,1,-1,-1,1,-1,0,0,-1,-1,1,0,-1,-1,-1,-1,-1,1,-1,-1,1,0,-1,-1
1,1,-1,-1,-1,1,1,-1,-1,1,1,-1,1,1,1,-1,1,-1,1,1,1,1,1,1,-1,0,1,-1,1,1,1
1,-1,1,1,1,-1,-1,-1,-1,1,1,1,1,0,-1,-1,1,1,0,1,1,1,1,-1,1,0,-1,1,0,1,1
-1,1,1,1,1,-1,-1,0,1,1,1,1,-1,-1,0,-1,1,1,0,1,1,1,1,1,1,0,1,1,0,1,-1
1,-1,1,1,1,-1,1,1,1,1,1,1,-1,1,1,-1,1,1,0,1,1,1,1,1,-1,-1,1,1,1,1,1
1,-1,1,1,1,-1,1,1,-1,1,1,1,1,0,-1,-1,1,1,1,1,1,1,1,-1,1,0,1,1,0,1,-1
1,-1,1,1,1,-1,0,-1,1,1,1,-1,-1,-1,-1,-1,-1,-1,0,1,1,1,1,1,-1,0,-1,1,-1,-1,-1
1,-1,1,1,1,1,0,1,-1,1,1,-1,1,1,0,-1,1,1,0,1,1,1,1,-1,1,1,1,1,0,1,1
1,-1,1,1,1,-1,1,1,-1,1,1,1,-1,0,1,-1,1,1,0,1,1,1,1,1,1,1,1,1,0,1,1
1,1,-1,-1,-1,1,1,1,-1,1,1,-1,1,0,0,-1,-1,-1,0,1,1,1,1,1,-1,1,-1,1,1,1,1
1,-1,1,1,1,1,1,1,-1,1,1,1,1,0,1,-1,1,1,0,1,1,1,1,1,1,1,-1,1,0,-1,1
1,-1,1,1,1,-1,0,1,1,1,1,1,1,0,0,-1,1,1,0,1,1,1,1,1,1,1,-1,1,1,1,1
-1,-1,1,-1,1,-1,-1,-1,-1,-1,-1,1,1,-1,0,-1,-1,1,0,-1,1,-1,-1,1,1,0,-1,-1,0,1,-1
-1,-1,1,1,1,-1,1,-1,1,1,1,1,-1,0,-1,-1,1,1,0,1,1,1,1,1,1,-1,-1,1,1,1,1
1,-1,1,-1,1,-1,1,1,1,1,1,1,1,0,1,-1,1,1,0,1,1,1,1,1,1,1,1,1,0,1,1
-1,1,1,1,1,-1,0,1,-1,1,1,1,1,0,1,-1,1,1,0,1,1,1,1,1,1,0,1,-1,1,1,-1
1,-1,1,1,1,-1,0,0,-1,1,1,1,1,-1,1,-1,1,1,0,1,1,1,1,1,-1,-1,-1,-1,1,1,-1
-1,-1,1,-1,1,-1,0,-1,1,-1,-1,1,-1,-1,0,-1,-1,1,0,-1,1,-1,-1,-1,1,-1,1,1,0,1,-1
-1,-1,-1,1,-1,1,1,1,1,1,1,-1,-1,0,0,-1,1,1,0,1,1,1,1,-1,-1,1,1,-1,1,1,1
-1,-1,1,1,1,-1,1,1,1,1,1,-1,-1,0,1,0,-1,1,0,1,1,1,1,-1,1,1,-1,1,0,1,1
-1,-1,-1,1,-1,1,1,1,-1,1,1,-1,1,1,-1,-1,1,-1,0,1,1,1,1,-1,-1,1,-1,-1,1,1,1
1,-1,1,1,1,-1,1,1,-1,1,1,1,1,0,-1,1,1,1,0,1,1,1,1,1,1,1,-1,1,0,1,1
@attribute Links_in_tags { 1,-1,0 }
1,-1,1,-1,1,-1,0,-1,-1,1,1,1,-1,-1,-1,-1,1,1,0,1,1,1,1,-1,-1,0,-1,-1,0,1,-1
1,1,1,1,1,1,-1,1,-1,1,1,1,1,1,-1,1,1,1,0,1,1,1,1,-1,-1,1,1,1,-1,1,1
-1,-1,1,1,1,-1,-1,-1,-1,1,1,1,1,0,-1,1,1,1,0,1,1,1,1,1,1,1,-1,1,1,1,-1
1,-1,1,1,1,-1,1,1,1,1,1,1,-1,1,-1,-1,1,1,0,1,1,1,1,1,-1,0,1,1,0,1,1
1,-1,1,1,1,-1,1,1,-1,1,1,1,1,0,0,-1,1,1,0,1,1,1,1,1,-1,0,-1,1,0,1,-1
-1,1,1,1,1,-1,-1,0,-1,1,1,1,1,-1,-1,-1,1,1,0,1,1,1,1,1,1,0,1,1,0,1,-1
-1,-1,1,1,1,-1,0,-1,1,1,1,1,-1,-1,-1,-1,1,1,0,1,1,1,1,1,1,1,-1,1,1,-1,-1
1,-1,1,-1,1,-1,1,1,-1,-1,-1,1,1,0,-1,0,-1,1,0,1,-1,-1,-1,-1,1,1,1,1,0,1,1
1,1,1,1,1,-1,-1,-1,-1,1,1,1,1,-1,0,-1,1,1,0,1,1,1,1,1,1,1,1,-1,0,-1,-1
-1,-1,1,1,1,-1,1,-1,1,1,1,1,-1,-1,-1,0,1,1,0,1,1,1,1,-1,1,-1,1,1,0,1,-1
1,-1,1,1,1,-1,-1,-1,1,1,1,1,-1,-1,-1,-1,1,1,0,1,1,1,1,-1,-1,-1,-1,-1,1,1,-1
-1,-1,1,1,1,-1,1,1,-1,1,1,1,1,1,-1,1,1,1,1,1,1,1,1,-1,1,1,1,1,1,1,1
1,-1,1,-1,1,-1,0,-1,-1,-1,-1,1,-1,-1,0,-1,-1,1,0,-1,-1,-1,-1,-1,1,1,-1,1,0,1,-1
1,-1,1,1,1,-1,-1,-1,-1,1,1,1,-1,0,0,-1,1,1,0,1,1,1,1,-1,1,0,-1,-1,0,1,-1
1,-1,1,1,1,-1,-1,-1,1,-1,-1,1,-1,-1,0,-1,-1,1,0,-1,-1,-1,-1,1,1,0,-1,1,0,-1,-1
-1,1,-1,-1,-1,-1,0,1,-1,1,1,-1,1,0,-1,-1,1,-1,1,1,1,1,1,1,-1,1,1,1,1,1,1
1,-1,1,1,1,-1,0,-1,1,1,1,1,-1,0,-1,-1,1,1,0,1,1,1,1,1,1,1,-1,-1,0,1,-1
1,-1,1,1,1,-1,0,0,-1,1,1,1,1,-1,0,-1,1,1,0,1,1,1,1,1,1,-1,-1,1,0,1,-1
1,-1,1,1,1,-1,-1,-1,-1,1,1,1,-1,-1,-1,-1,1,1,0,1,1,1,1,1,-1,-1,-1,1,0,1,-1
-1,1,-1,1,-1,-1,0,-1,-1,-1,1,-1,1,-1,1,1,1,-1,0,-1,1,-1,1,-1,-1,1,-1,1,1,-1,-1
@attribute having_IP_Address  { -1,1 }
1,-1,1,1,1,-1,-1,1,-1,1,1,1,1,0,-1,-1,1,1,0,1,1,1,1,1,1,0,-1,-1,0,1,1
-1,1,1,1,1,-1,0,0,-1,-1,1,1,-1,-1,1,-1,1,1,1,1,1,-1,1,-1,1,0,-1,1,1,1,-1
1,-1,1,-1,1,-1,-1,-1,1,1,1,1,-1,-1,0,-1,1,1,0,1,1,1,1,1,-1,-1,-1,1,1,1,-1
1,-1,1,1,1,-1,1,-1,1,1,1,1,-1,-1,-1,-1,1,1,0,1,1,1,1,1,1,-1,-1,-1,0,1,-1
-1,1,1,1,1,-1,1,0,-1,1,1,1,1,-1,0,-1,1,1,0,1,1,1,1,1,1,-1,1,1,1,1,-1
-1,-1,1,1,1,-1,1,-1,1,1,1,1,1,0,-1,-1,1,1,0,1,1,1,1,1,1,1,-1,-1,0,1,-1
1,-1,1,1,1,-1,1,1,-1,1,1,1,-1,0,0,1,1,1,0,1,1,1,1,-1,1,1,1,1,0,1,1
-1,-1,-1,1,-1,-1,1,1,-1,1,1,-1,1,0,1,-1,1,-1,0,1,1,1,1,-1,-1,1,-1,-1,1,1,1
1,1,1,1,1,-1,1,1,-1,1,1,1,1,0,1,-1,1,1,0,1,1,1,1,-1,1,-1,1,1,0,-1,1
-1,-1,1,1,-1,1,1,1,-1,1,1,1,1,1,0,0,1,-1,0,1,1,1,1,1,1,-1,-1,1,0,1,1
1,-1,1,1,1,1,-1,1,1,1,1,1,-1,0,1,-1,1,1,0,1,1,1,1,-1,1,-1,-1,1,1,1,1
-1,0,1,-1,1,-1,0,0,1,1,1,1,-1,-1,-1,-1,-1,-1,0,1,1,1,1,-1,1,1,-1,1,1,1,-1
1,1,1,-1,1,-1,0,1,1,-1,-1,1,-1,-1,-1,-1,1,1,0,-1,-1,-1,-1,1,-1,0,-1,1,0,-1,-1
1,-1,1,1,1,-1,1,1,-1,1,1,1,-1,0,0,-1,1,1,0,1,1,1,1,1,1,1,1,1,0,1,1
1,-1,-1,1,-1,-1,-1,0,1,1,1,-1,-1,-1,-1,-1,1,-1,1,1,1,1,1,1,-1,0,-1,1,0,1,-1
1,-1,1,1,1,1,-1,1,-1,-1,1,1,1,0,1,-1,1,-1,0,1,1,-1,1,1,-1,1,-1,1,1,-1,1
1,-1,1,1,1,-1,-1,1,-1,-1,1,-1,1,0,-1,-1,-1,-1,0,-1,1,-1,-1,1,-1,1,1,1,0,-1,1
1,-1,1,1,1,-1,0,-1,-1,1,1,1,1,-1,0,-1,1,1,0,1,1,1,1,-1,1,-1,1,1,0,-1,-1
-1,-1,-1,1,-1,-1,0,1,-1,1,1,-1,1,0,0,-1,1,-1,0,1,1,1,1,-1,-1,1,-1,-1,1,1,1
1,-1,1,1,1,-1,0,1,-1,-1,-1,1,1,1,0,-1,-1,1,0,-1,-1,-1,-1,-1,1,1,-1,1,1,-1,1
-1,-1,1,1,-1,-1,0,-1,1,1,1,1,-1,-1,-1,0,1,1,0,1,1,1,1,-1,1,-1,1,1,-1,-1,-1
1,-1,1,-1,1,1,-1,1,-1,1,1,1,1,1,1,-1,-1,-1,0,1,1,1,1,1,1,1,1,1,-1,1,1
1,-1,1,-1,1,1,-1,1,1,1,1,1,-1,1,1,-1,1,1,0,1,1,1,1,-1,1,1,-1,1,0,1,1
1,-1,1,1,1,-1,-1,-1,-1,1,1,1,1,0,0,-1,1,1,0,1,1,1,1,1,-1,0,-1,1,1,1,-1
1,-1,1,1,1,-1,1,-1,1,1,1,1,1,0,-1,-1,1,1,0,1,1,1,1,-1,-1,0,-1,1,1,1,-1
1,1,1,1,1,-1,0,1,-1,1,1,1,1,0,0,1,1,1,0,1,1,1,1,-1,1,1,-1,1,0,1,1
-1,-1,1,1,1,-1,0,-1,-1,1,1,1,-1,0,0,0,1,1,0,1,1,1,1,-1,1,1,-1,1,1,1,1
-1,-1,1,1,-1,-1,0,-1,-1,1,1,1,1,0,0,-1,-1,1,1,1,1,1,1,1,1,1,-1,-1,0,1,-1
-1,-1,-1,1,-1,1,1,1,-1,1,1,-1,1,0,0,-1,1,-1,1,1,1,1,1,1,-1,1,-1,1,1,-1,1
1,-1,1,1,1,-1,0,-1,-1,1,1,1,-1,-1,-1,-1,1,1,0,1,1,1,1,-1,1,0,-1,-1,0,1,-1
-1,-1,-1,-1,1,1,1,1,1,1,1,1,-1,1,0,-1,-1,-1,0,1,1,1,1,-1,1,0,-1,1,0,1,1
-1,-1,1,-1,1,-1,-1,1,-1,-1,-1,1,1,0,-1,-1,-1,1,0,-1,1,-1,1,-1,1,0,1,1,0,1,1
1,-1,1,1,1,-1,1,1,1,1,1,1,1,0,0,-1,1,1,0,1,1,1,1,1,-1,0,-1,1,1,1,-1
-1,-1,-1,1,-1,1,1,1,-1,1,1,-1,1,0,-1,-1,1,-1,1,1,1,1,1,1,-1,1,-1,1,1,1,1
1,-1,1,1,1,-1,0,0,-1,1,1,1,-1,-1,0,-1,1,1,0,1,1,1,1,1,-1,0,-1,1,1,1,-1
-1,-1,1,1,1,-1,-1,1,-1,1,1,1,-1,1,0,-1,1,1,0,1,1,1,1,1,1,1,-1,1,1,1,1
1,-1,1,1,1,-1,1,1,-1,1,1,1,1,0,1,-1,1,1,0,1,1,1,1,1,1,0,-1,1,0,1,-1
-1,-1,1,1,1,-1,-1,0,1,1,1,1,-1,-1,1,-1,1,1,0,1,1,1,1,1,1,0,-1,1,1,1,-1
1,-1,1,1,1,-1,-1,1,-1,-1,-1,1,-1,0,1,-1,-1,1,0,-1,1,-1,-1,-1,1,0,-1,1,0,-1,-1
1,-1,1,1,1,-1,-1,-1,1,1,1,1,1,-1,-1,-1,1,1,0,1,1,1,1,-1,1,-1,-1,-1,0,1,-1
-1,-1,-1,1,-1,1,1,1,-1,1,1,-1,1,1,1,-1,1,-1,0,1,1,1,1,-1,-1,1,1,-1,1,1,1
1,-1,1,1,1,-1,0,1,1,1,1,1,-1,0,-1,-1,1,1,0,1,1,1,1,-1,1,0,-1,-1,0,1,-1
1,1,1,1,1,-1,0,1,-1,1,1,1,1,0,1,1,1,1,0,1,1,1,1,-1,1,1,-1,1,0,1,1
1,-1,1,1,1,-1,-1,-1,1,1,1,1,-1,1,-1,-1,1,1,0,1,1,1,1,1,1,-1,-1,-1,0,1,-1
1,-1,1,1,1,-1,1,1,-1,1,1,-1,1,0,1,-1,1,1,0,1,1,1,1,1,1,1,-1,1,0,1,1
1,-1,1,-1,1,-1,0,-1,-1,-1,-1,1,1,-1,0,-1,-1,1,0,-1,-1,-1,-1,-1,1,1,-1,1,0,1,-1
1,-1,1,1,1,-1,-1,1,-1,1,1,1,1,0,0,-1,1,1,0,1,1,1,1,1,-1,0,-1,1,1,1,-1
-1,-1,1,1,1,-1,0,1,1,1,1,1,-1,-1,0,-1,1,1,0,1,1,1,1,1,1,1,-1,1,0,1,-1
1,-1,1,1,1,-1,0,1,1,1,1,1,-1,0,-1,-1,1,1,0,1,1,1,1,-1,1,1,1,1,0,1,-1
1,-1,1,1,1,-1,-1,-1,1,1,1,1,1,0,-1,-1,1,1,0,1,1,1,1,-1,-1,0,-1,1,0,1,-1
1,1,1,1,1,-1,1,1,-1,1,1,1,1,0,0,1,1,1,0,1,1,1,1,-1,1,-1,1,1,0,1,1
1,-1,1,1,1,-1,-1,1,1,1,1,1,-1,-1,0,-1,1,1,0,1,1,1,1,-1,-1,0,-1,1,0,1,-1
-1,-1,1,1,1,-1,0,1,1,1,1,1,1,1,-1,-1,1,1,0,1,1,1,1,-1,1,-1,1,1,1,1,1
1,-1,1,1,1,-1,1,1,1,1,1,1,-1,1,1,-1,1,1,0,1,1,1,1,1,-1,-1,1,1,1,1,1
-1,-1,-1,-1,-1,-1,1,0,-1,-1,-1,-1,-1,-1,1,0,-1,-1,0,-1,1,-1,1,-1,-1,0,-1,1,-1,1,-1
1,-1,1,1,1,-1,1,1,1,1,1,1,-1,0,-1,-1,1,1,0,1,1,1,1,1,1,-1,1,1,0,1,1
1,-1,1,1,1,-1,0,0,1,1,1,1,-1,-1,-1,-1,1,1,0,1,1,1,1,1,1,1,-1,-1,0,-1,-1
-1,1,-1,-1,-1,-1,1,-1,-1,-1,1,-1,1,-1,1,-1,1,-1,0,-1,1,-1,1,1,-1,1,1,-1,1,1,-1
1,-1,1,1,1,-1,1,1,-1,-1,-1,1,1,1,1,-1,-1,-1,0,-1,1,-1,-1,1,-1,1,-1,1,1,-1,1
1,-1,1,1,1,1,1,1,1,1,1,1,-1,1,1,-1,1,1,0,1,1,1,1,-1,1,1,1,1,0,1,1
1,-1,1,1,1,-1,0,1,-1,1,1,1,-1,0,1,-1,1,1,0,1,1,1,1,-1,-1,1,1,1,0,1,1
1,-1,1,1,1,-1,-1,-1,1,1,1,1,-1,-1,0,-1,1,1,0,1,1,1,1,-1,1,0,-1,1,0,1,-1
-1,-1,1,1,1,-1,1,1,-1,1,1,1,1,0,0,-1,1,1,0,1,1,1,1,1,1,1,-1,1,1,1,1
-1,-1,1,1,1,-1,0,1,1,1,1,1,1,0,0,-1,1,1,1,1,1,1,1,-1,1,0,1,1,1,1,-1
1,-1,1,1,1,-1,0,1,-1,1,1,1,1,0,0,-1,1,1,0,1,1,1,1,-1,1,1,-1,1,0,1,1
1,-1,1,1,1,-1,-1,1,-1,1,1,1,1,0,1,-1,1,1,0,1,1,1,1,-1,1,0,-1,1,0,1,1
-1,-1,-1,1,-1,-1,1,-1,-1,1,1,-1,1,0,0,-1,1,-1,1,1,1,1,1,1,-1,1,1,1,1,1,1
1,-1,1,1,1,-1,1,1,-1,1,1,1,1,1,0,-1,1,1,0,1,1,1,1,1,-1,1,-1,1,0,1,1
1,-1,1,1,1,-1,0,1,-1,1,1,1,-1,0,0,1,1,1,1,1,1,1,1,-1,1,1,1,1,0,1,1
1,-1,1,1,1,-1,0,1,1,1,1,1,-1,1,1,-1,1,1,0,1,1,1,1,-1,1,1,-1,1,0,1,1
1,1,1,-1,1,-1,1,1,-1,-1,-1,1,1,0,0,0,-1,1,0,-1,1,-1,-1,1,1,1,1,1,1,1,1
1,-1,1,1,1,-1,1,1,-1,1,1,1,1,1,1,-1,1,1,0,1,1,1,1,1,-1,1,1,-1,1,1,1
1,-1,1,1,1,-1,-1,0,1,1,1,1,1,0,-1,-1,1,1,0,1,1,1,1,-1,-1,1,-1,-1,0,1,-1
1,-1,1,-1,1,-1,1,0,1,-1,-1,1,-1,0,0,0,-1,1,1,-1,-1,-1,-1,-1,1,-1,-1,1,0,1,-1
1,-1,1,-1,1,1,1,1,-1,1,1,1,1,0,1,-1,1,1,0,1,1,1,1,1,1,1,-1,1,0,1,1
1,-1,1,1,1,-1,0,-1,1,1,1,1,-1,-1,0,0,1,1,0,1,1,1,1,-1,1,0,1,1,0,1,-1
-1,-1,1,1,1,1,0,1,-1,1,1,1,1,1,0,1,1,1,1,1,1,1,1,-1,1,1,-1,1,0,1,1
-1,-1,1,1,1,-1,0,0,1,1,1,1,-1,-1,0,-1,1,1,0,1,1,1,1,1,1,0,-1,1,1,1,-1
-1,-1,1,1,1,-1,0,-1,-1,1,1,1,1,-1,-1,-1,1,1,1,1,1,1,1,-1,1,-1,1,1,1,1,-1
1,-1,1,1,1,-1,-1,-1,1,-1,-1,1,1,-1,0,-1,-1,1,0,1,1,-1,1,-1,-1,0,-1,1,0,-1,-1
1,-1,-1,1,1,-1,1,1,-1,1,1,1,1,1,0,-1,1,1,0,1,1,1,1,1,1,1,-1,-1,0,1,1
1,-1,1,1,1,-1,-1,-1,1,1,1,1,-1,0,1,0,1,1,0,1,1,1,1,-1,1,1,-1,1,0,1,1
1,-1,1,1,1,-1,1,0,-1,1,1,1,1,-1,1,-1,1,1,0,1,1,1,1,-1,1,1,-1,1,0,1,-1
1,-1,1,-1,1,-1,-1,1,-1,1,1,1,1,1,1,-1,1,1,0,1,1,1,1,1,1,1,-1,1,0,1,1
1,0,1,1,1,-1,-1,-1,-1,1,1,-1,1,0,-1,-1,-1,-1,0,1,1,1,1,1,-1,1,-1,1,0,-1,-1
1,-1,1,1,1,-1,-1,0,1,1,1,1,1,-1,0,-1,1,1,0,1,1,1,1,1,1,0,-1,-1,0,1,-1
1,-1,1,1,1,-1,0,1,-1,1,1,1,-1,0,1,-1,1,1,0,1,1,1,1,-1,1,0,-1,1,0,1,-1
1,1,1,1,1,1,1,1,1,1,1,1,-1,1,1,-1,1,1,0,1,1,1,1,1,1,1,1,1,0,-1,1
1,-1,1,1,1,-1,1,1,1,1,1,1,-1,0,-1,0,1,1,0,1,1,1,1,-1,1,-1,1,1,0,1,1
-1,-1,1,1,1,1,1,1,-1,-1,1,1,1,0,1,-1,1,1,0,1,1,-1,1,-1,1,1,1,1,1,1,1
1,-1,1,1,1,-1,1,-1,-1,1,1,1,1,0,1,-1,1,1,0,1,1,1,1,1,1,0,-1,1,0,1,-1
1,-1,1,1,1,-1,-1,1,-1,1,1,1,1,0,1,-1,1,1,0,1,1,1,1,-1,1,1,-1,1,0,1,1
1,-1,1,1,1,-1,1,1,-1,1,1,1,1,0,0,-1,1,1,0,1,1,1,1,1,1,1,-1,1,0,1,1
-1,-1,1,-1,-1,1,-1,1,1,-1,-1,-1,-1,0,1,1,-1,-1,0,-1,1,-1,1,-1,1,1,-1,-1,0,1,1
1,-1,1,1,1,-1,-1,-1,-1,1,1,1,1,-1,-1,-1,1,1,0,1,1,1,1,-1,-1,1,-1,1,0,1,-1
-1,-1,-1,-1,-1,1,1,1,1,1,1,-1,-1,1,0,1,-1,-1,0,1,1,1,1,-1,-1,1,1,1,1,1,1
1,-1,1,1,1,-1,1,-1,-1,-1,1,1,1,0,0,-1,1,1,0,-1,1,-1,1,1,-1,0,-1,1,-1,1,-1
-1,-1,1,1,1,-1,1,1,1,1,1,1,-1,1,1,1,1,1,1,1,1,1,1,-1,1,1,-1,1,0,1,1
1,-1,1,1,1,-1,1,-1,1,1,1,1,-1,0,0,-1,1,1,0,1,1,1,1,1,1,-1,-1,1,0,1,1
1,1,1,1,1,-1,-1,1,-1,1,1,1,1,0,0,1,1,1,0,1,1,1,1,1,1,1,-1,1,0,1,1
1,1,1,1,1,-1,1,1,-1,-1,1,1,1,0,0,1,1,1,0,1,1,-1,1,1,-1,1,-1,1,1,1,1
1,-1,1,1,1,-1,0,-1,1,-1,-1,-1,-1,-1,0,-1,-1,-1,0,-1,1,-1,1,-1,-1,0,-1,1,0,-1,-1
-1,-1,-1,1,-1,-1,-1,1,-1,1,1,-1,1,0,0,-1,1,-1,1,1,1,1,1,1,-1,1,-1,1,1,1,1
-1,-1,1,1,1,-1,1,0,1,-1,-1,1,1,-1,1,-1,-1,1,0,1,1,-1,1,1,1,0,-1,1,1,1,-1
1,0,-1,1,1,-1,0,1,-1,1,1,1,1,0,0,-1,-1,-1,0,-1,1,-1,1,-1,1,1,-1,1,-1,-1,1
1,-1,1,1,1,-1,1,-1,1,1,1,1,-1,-1,-1,-1,1,1,0,1,1,1,1,-1,1,0,1,1,0,-1,-1
1,-1,1,1,1,-1,-1,-1,1,1,1,1,-1,0,0,-1,1,1,0,1,1,1,1,-1,1,-1,1,-1,0,1,-1
1,-1,1,1,1,-1,0,0,1,1,1,1,-1,-1,0,-1,1,1,0,1,1,1,1,1,1,-1,-1,-1,0,1,-1
-1,-1,1,-1,1,-1,0,-1,-1,-1,-1,1,1,-1,0,-1,-1,1,0,-1,1,-1,-1,-1,1,0,1,1,1,1,-1
1,-1,1,1,1,-1,1,1,1,1,1,1,-1,1,0,1,1,1,0,1,1,1,1,-1,1,1,1,1,0,1,1
1,-1,1,1,1,-1,-1,1,-1,1,1,1,-1,1,1,-1,1,1,0,1,1,1,1,1,1,1,1,1,0,1,1
-1,-1,1,1,1,-1,1,1,1,1,1,1,-1,0,-1,-1,1,1,0,1,1,1,1,1,1,1,-1,1,0,1,-1
1,1,1,1,1,-1,0,-1,-1,-1,1,1,1,0,0,-1,-1,1,0,-1,1,-1,1,1,1,1,-1,1,0,1,1
1,1,1,1,1,-1,0,-1,-1,-1,1,1,1,0,0,1,-1,1,0,-1,1,-1,1,-1,1,1,-1,1,0,1,1
1,-1,1,1,1,-1,1,1,-1,1,1,1,-1,0,1,1,1,1,0,1,1,1,1,-1,1,1,1,1,0,1,1
-1,1,1,1,-1,-1,-1,-1,-1,1,1,-1,1,-1,1,-1,-1,-1,0,1,1,1,1,-1,-1,-1,-1,1,1,-1,-1
1,-1,1,1,1,-1,0,1,-1,1,1,1,1,0,0,-1,1,1,0,1,1,1,1,1,-1,1,-1,1,1,1,1
1,-1,1,1,1,-1,1,1,-1,1,1,1,1,1,0,-1,1,1,0,1,1,1,1,-1,1,0,1,1,0,1,1
-1,-1,1,1,1,-1,1,1,-1,-1,1,1,1,0,0,1,1,1,0,1,1,-1,1,-1,1,1,-1,1,1,1,1
-1,-1,-1,1,-1,-1,1,1,-1,1,1,-1,1,0,-1,0,1,1,1,1,1,1,1,-1,-1,1,1,-1,-1,1,1
1,1,1,1,1,-1,0,1,-1,1,1,1,1,1,1,-1,1,1,0,1,1,1,1,1,1,1,1,1,0,1,1
-1,-1,-1,1,-1,-1,-1,-1,-1,-1,1,-1,-1,-1,1,-1,-1,-1,1,-1,1,-1,1,-1,-1,0,-1,1,0,-1,-1
-1,-1,-1,1,-1,-1,1,1,-1,1,1,-1,-1,0,-1,-1,1,-1,1,1,1,1,1,1,1,1,-1,1,1,1,1
1,-1,1,1,1,-1,0,1,-1,1,1,1,1,0,1,-1,1,1,0,1,1,1,1,-1,1,1,-1,1,0,1,1
-1,-1,1,1,1,-1,0,0,-1,1,1,1,-1,0,-1,-1,1,1,0,1,1,1,1,1,1,1,-1,1,1,1,-1
-1,-1,-1,1,-1,1,0,1,-1,1,1,-1,1,0,0,-1,1,-1,1,1,1,1,1,1,-1,1,-1,1,1,1,1
1,1,1,1,1,-1,1,-1,-1,1,1,1,1,1,1,1,1,1,0,1,1,1,1,1,-1,1,-1,1,1,1,1
1,1,1,1,1,1,-1,1,-1,1,1,1,1,1,-1,1,1,1,0,1,1,1,1,-1,-1,1,1,1,-1,1,1
1,-1,1,1,1,-1,0,-1,1,1,1,1,1,-1,0,-1,1,1,0,1,1,1,1,-1,1,-1,-1,1,0,1,-1
1,-1,1,1,1,-1,0,0,-1,1,1,1,-1,0,0,-1,1,1,0,1,1,1,1,1,-1,0,-1,1,1,1,-1
1,-1,1,1,1,-1,0,-1,-1,-1,-1,1,1,-1,0,-1,-1,1,0,-1,-1,-1,-1,-1,-1,-1,-1,1,0,-1,-1
1,1,1,-1,1,-1,-1,-1,-1,1,1,1,1,-1,0,1,1,1,0,1,1,1,1,-1,1,-1,-1,-1,0,1,-1
1,1,1,1,1,-1,-1,1,-1,1,1,1,1,1,1,1,1,1,0,1,1,1,1,1,-1,1,-1,1,1,1,1
1,-1,1,1,1,-1,1,1,1,-1,-1,1,-1,1,-1,-1,-1,1,0,-1,1,-1,-1,1,1,1,-1,1,0,-1,1
1,-1,1,1,1,-1,1,1,1,1,1,1,-1,0,0,1,1,1,0,1,1,1,1,-1,1,1,-1,1,0,1,1
1,-1,1,1,1,-1,-1,-1,1,1,1,1,-1,0,-1,-1,1,1,0,1,1,1,1,-1,1,-1,-1,1,1,1,-1
1,-1,1,1,1,-1,1,1,-1,1,1,1,1,0,0,-1,1,1,0,1,1,1,1,1,1,1,1,1,0,1,1
-1,-1,1,1,1,-1,1,1,1,1,1,1,-1,0,0,0,1,1,0,1,1,1,1,-1,1,1,1,1,0,1,1
1,1,1,-1,1,-1,0,-1,-1,1,1,1,1,-1,0,1,1,1,0,1,1,1,1,-1,-1,-1,-1,-1,0,1,-1
1,1,1,1,1,-1,1,1,-1,1,1,1,1,0,-1,-1,1,1,0,1,1,1,1,-1,1,0,1,1,0,1,1
-1,-1,-1,1,-1,1,1,-1,-1,1,1,-1,1,1,0,-1,1,-1,1,1,1,1,1,-1,-1,1,1,-1,1,1,1
-1,-1,1,1,1,-1,0,0,1,1,1,1,-1,-1,-1,-1,1,1,0,1,1,1,1,1,1,0,-1,1,1,1,-1
1,1,1,1,1,-1,1,1,-1,1,1,1,1,0,0,0,1,1,0,1,1,1,1,-1,1,-1,1,1,0,1,1
1,1,1,1,1,-1,1,1,-1,-1,1,-1,1,0,0,1,1,1,0,-1,1,-1,1,1,1,1,-1,1,-1,1,1
1,1,1,-1,1,-1,1,1,-1,-1,-1,1,1,1,-1,-1,-1,1,0,1,1,-1,1,1,1,1,1,1,1,1,1
-1,-1,1,1,1,-1,0,1,-1,1,1,1,1,0,0,-1,1,1,0,1,1,1,1,-1,1,1,-1,-1,1,1,1
-1,-1,1,-1,1,-1,0,0,-1,-1,-1,1,1,-1,-1,-1,-1,1,0,-1,-1,-1,-1,-1,1,1,-1,1,1,1,-1
-1,-1,1,1,1,-1,0,1,1,1,1,1,-1,0,-1,-1,1,1,0,1,1,1,1,1,1,0,-1,-1,0,1,-1
1,-1,1,-1,1,-1,0,1,-1,1,1,1,1,0,1,-1,1,1,0,1,1,1,1,1,1,1,-1,1,-1,1,-1
-1,-1,1,1,1,-1,1,1,-1,1,1,1,1,0,0,-1,1,1,0,1,1,1,1,1,1,-1,-1,-1,1,1,1
1,1,1,1,1,-1,0,-1,-1,1,1,1,1,-1,0,1,1,1,0,1,1,1,1,-1,-1,-1,-1,1,0,1,-1
1,1,1,1,1,-1,1,1,-1,1,1,1,1,0,0,1,1,1,0,1,1,1,1,1,1,1,-1,1,0,1,1
1,-1,1,1,1,-1,1,1,1,-1,-1,1,-1,0,0,-1,-1,1,0,-1,1,-1,-1,1,1,-1,-1,1,0,-1,1
-1,-1,1,-1,1,-1,-1,0,1,-1,-1,1,-1,-1,1,-1,-1,1,0,1,1,-1,1,1,1,1,-1,1,0,-1,-1
-1,-1,1,-1,1,-1,0,-1,1,1,1,-1,-1,-1,-1,-1,1,-1,0,1,1,1,1,1,1,0,-1,1,1,1,-1
-1,-1,1,1,1,-1,-1,0,1,1,1,1,-1,-1,-1,-1,1,1,0,1,1,1,1,1,1,0,-1,1,1,1,-1
-1,-1,1,1,1,-1,1,1,-1,1,1,1,1,1,-1,-1,1,1,0,1,1,1,1,1,1,-1,-1,1,1,1,1
-1,-1,-1,1,-1,-1,1,-1,-1,1,1,-1,1,0,0,1,1,-1,0,1,1,1,1,-1,-1,1,1,-1,1,1,1
1,-1,1,1,1,-1,-1,1,1,1,1,1,1,0,0,-1,1,1,0,1,1,1,1,-1,-1,-1,-1,1,1,1,1
1,-1,1,1,1,1,1,1,-1,1,1,1,1,1,1,-1,1,1,0,1,1,1,1,-1,1,1,-1,1,0,-1,1
1,-1,-1,1,-1,-1,0,-1,1,1,1,1,-1,-1,-1,1,1,1,0,1,-1,1,1,-1,1,-1,1,1,1,-1,-1
-1,-1,-1,1,-1,-1,1,1,-1,1,1,-1,1,0,-1,0,1,-1,1,1,1,1,1,1,-1,-1,-1,1,1,1,1
1,-1,1,1,1,-1,1,1,-1,1,1,1,1,0,0,-1,1,1,0,1,1,1,1,1,1,1,1,1,0,1,1
1,-1,1,1,1,-1,0,-1,1,1,1,1,1,0,-1,-1,1,1,0,1,1,1,1,1,1,0,-1,1,0,-1,-1
-1,-1,-1,-1,-1,-1,1,-1,-1,1,1,-1,1,0,0,0,1,-1,0,1,1,1,1,1,-1,1,-1,1,1,1,1
1,-1,1,1,1,1,0,1,-1,1,1,1,1,0,-1,-1,1,1,0,1,1,1,1,-1,1,0,-1,1,0,1,1
-1,-1,1,1,1,-1,-1,-1,1,1,1,1,-1,0,-1,1,1,1,0,1,1,1,1,1,1,1,-1,1,1,-1,-1
1,1,1,1,1,-1,1,1,-1,-1,1,1,1,0,0,1,1,1,0,-1,1,-1,-1,1,-1,0,-1,-1,0,1,1
1,1,1,-1,1,-1,0,0,1,1,1,1,-1,-1,0,1,1,1,0,1,1,1,1,1,1,-1,-1,1,0,1,-1
-1,1,1,1,1,-1,-1,-1,-1,1,1,1,1,-1,0,0,1,1,0,1,1,1,1,1,1,0,1,1,1,1,-1
1,-1,1,1,1,-1,0,0,-1,1,1,1,1,-1,0,-1,1,1,0,1,1,1,1,1,1,0,-1,1,0,1,-1
-1,-1,1,1,1,1,0,1,-1,1,1,1,1,0,0,-1,-1,1,0,1,1,1,1,-1,1,1,1,1,0,1,1
1,-1,1,1,1,-1,1,1,1,1,1,1,-1,0,0,0,1,1,0,1,1,1,1,1,1,-1,-1,-1,0,1,1
-1,-1,1,1,1,-1,0,-1,-1,1,1,1,1,-1,-1,-1,1,1,0,1,1,1,1,-1,1,0,-1,1,1,1,-1
1,1,1,1,1,-1,0,-1,-1,1,1,1,1,0,1,1,1,1,0,1,1,1,1,1,1,1,-1,1,0,1,1
1,-1,1,1,1,-1,-1,1,1,1,1,1,-1,1,-1,-1,1,1,0,1,1,1,1,1,1,-1,-1,1,0,1,1
-1,-1,-1,1,-1,1,-1,1,-1,1,1,-1,-1,0,0,-1,1,-1,0,1,1,1,1,1,1,1,-1,1,0,-1,1
1,1,1,-1,1,-1,1,0,-1,-1,-1,1,1,-1,0,-1,-1,1,0,1,1,-1,1,1,1,0,-1,1,0,1,-1
1,1,1,-1,1,-1,0,1,-1,1,1,1,1,0,1,1,1,1,0,1,1,1,1,-1,-1,1,1,1,0,1,1
-1,-1,1,-1,1,-1,0,-1,-1,1,1,1,1,-1,0,-1,1,1,0,1,1,-1,1,-1,1,-1,-1,1,0,1,-1
-1,-1,1,-1,1,-1,0,-1,1,-1,-1,1,1,-1,1,-1,-1,1,0,-1,-1,-1,-1,-1,1,-1,1,1,0,-1,-1
1,-1,1,1,1,-1,-1,-1,-1,1,1,1,1,0,0,-1,1,1,0,1,1,1,1,-1,1,1,-1,-1,0,1,-1
1,1,1,1,1,-1,-1,1,1,1,1,-1,-1,0,-1,-1,-1,-1,0,1,1,1,1,1,1,-1,1,1,-1,-1,1
1,-1,1,1,1,-1,-1,-1,1,1,1,1,-1,0,0,-1,1,1,0,1,1,1,1,1,-1,1,-1,-1,1,1,-1
1,-1,1,1,1,-1,0,1,1,1,1,1,-1,1,0,-1,1,1,0,-1,1,1,1,-1,1,1,-1,1,0,1,1
1,-1,1,1,1,-1,0,-1,-1,-1,-1,1,1,-1,0,-1,-1,1,0,-1,-1,-1,-1,-1,1,-1,-1,1,0,-1,-1
1,-1,1,1,1,1,0,1,1,1,1,1,-1,1,1,-1,1,1,0,1,1,1,1,-1,1,1,1,1,0,1,1
1,-1,1,1,1,-1,0,1,1,1,1,1,-1,0,1,-1,1,1,0,1,1,1,1,-1,-1,1,1,1,1,1,1
1,-1,1,1,1,-1,1,1,-1,1,1,1,1,1,1,-1,1,1,0,1,1,1,1,-1,1,1,1,1,0,1,1
1,-1,1,1,1,-1,-1,-1,-1,1,1,1,1,-1,-1,-1,1,1,0,1,1,1,1,-1,-1,-1,-1,1,1,1,-1
-1,-1,1,1,1,-1,0,0,-1,1,1,1,-1,-1,-1,-1,1,1,0,1,1,1,1,-1,1,-1,-1,1,1,1,-1
-1,-1,1,-1,1,-1,1,1,-1,-1,-1,1,1,1,1,1,-1,1,0,-1,-1,-1,-1,-1,1,1,1,1,1,1,1
-1,-1,1,1,1,1,-1,1,1,1,1,1,-1,1,-1,1,1,1,0,1,1,1,1,-1,1,1,-1,1,1,1,1
1,-1,1,1,1,-1,-1,1,-1,1,1,1,1,0,-1,-1,1,1,0,1,1,1,1,1,1,0,-1,1,0,1,1
1,-1,1,1,1,-1,1,-1,-1,1,1,1,1,0,1,-1,1,1,0,1,1,1,1,1,-1,-1,-1,1,1,1,1
-1,1,-1,1,-1,-1,1,1,-1,1,1,-1,1,0,-1,1,1,-1,1,1,1,1,1,1,-1,1,-1,1,1,-1,1
1,-1,1,1,1,-1,0,1,-1,1,1,1,1,0,-1,-1,1,1,0,1,1,1,1,1,-1,1,-1,1,1,1,-1
1,-1,1,1,1,-1,-1,1,-1,1,1,1,1,0,0,-1,1,1,0,1,1,1,1,-1,-1,0,-1,1,0,1,-1
1,-1,1,1,1,-1,1,1,-1,1,1,1,1,0,1,-1,1,1,0,1,1,1,1,1,1,0,-1,-1,0,1,-1
1,-1,1,1,1,1,0,1,-1,1,1,1,1,0,-1,-1,1,1,0,1,1,1,1,-1,1,0,-1,1,0,1,1
-1,-1,1,1,1,-1,0,1,-1,1,1,1,1,0,0,1,1,1,0,1,1,1,1,-1,1,1,-1,1,1,1,1
1,-1,1,1,1,-1,-1,1,-1,1,1,1,1,0,-1,-1,1,1,0,1,1,1,1,-1,1,0,-1,-1,0,1,-1
1,-1,1,1,1,-1,-1,1,-1,1,1,1,1,0,1,1,1,1,0,1,1,1,1,-1,1,1,-1,1,0,1,1
-1,-1,-1,-1,-1,1,1,1,-1,1,1,-1,1,0,0,-1,1,-1,1,1,1,1,1,1,-1,1,-1,1,1,1,1
-1,-1,-1,1,-1,-1,0,0,1,-1,-1,-1,-1,-1,1,-1,-1,-1,1,1,1,-1,1,1,-1,-1,-1,1,1,-1,-1
1,-1,-1,1,-1,1,-1,1,-1,1,1,1,1,1,0,-1,1,1,1,1,1,1,1,-1,-1,1,-1,1,-1,1,1
1,-1,1,1,1,-1,1,1,-1,1,1,1,1,0,0,-1,1,1,0,1,1,1,1,-1,1,0,-1,1,0,1,1
1,-1,1,1,1,-1,0,-1,1,1,1,1,-1,-1,-1,-1,1,1,0,1,1,1,1,-1,-1,-1,-1,-1,1,1,-1
-1,-1,1,1,1,-1,0,1,-1,1,1,1,1,0,-1,1,1,1,0,1,1,1,1,-1,1,1,-1,1,1,1,1
1,-1,1,1,1,-1,-1,-1,-1,1,1,1,1,-1,-1,-1,1,1,0,1,1,1,1,-1,-1,-1,-1,-1,0,1,-1
-1,-1,-1,1,-1,-1,1,1,-1,1,1,-1,1,-1,-1,-1,1,-1,1,1,1,1,1,1,-1,1,-1,-1,1,1,-1
-1,-1,-1,1,-1,-1,-1,-1,-1,1,1,-1,1,-1,-1,-1,1,-1,1,1,1,1,1,-1,-1,1,-1,1,1,1,-1
-1,0,1,1,1,-1,0,1,-1,-1,1,-1,-1,-1,-1,-1,1,1,0,-1,1,-1,-1,1,1,1,-1,-1,0,-1,-1
1,-1,1,1,1,-1,-1,1,-1,1,1,1,1,0,0,-1,1,1,0,1,1,1,1,1,1,1,1,-1,0,1,1
-1,-1,1,-1,1,-1,0,1,-1,1,1,1,-1,0,1,-1,1,1,1,1,1,1,1,-1,1,0,-1,1,0,1,-1
1,-1,1,1,1,-1,0,1,1,1,1,1,-1,1,-1,-1,1,1,0,1,1,1,1,-1,-1,0,1,-1,1,1,1
-1,-1,1,1,1,-1,-1,-1,-1,1,1,1,-1,-1,-1,0,1,1,0,1,1,1,1,-1,1,-1,-1,1,0,1,-1
-1,-1,1,1,1,-1,-1,0,1,1,1,1,-1,1,-1,-1,1,1,0,1,1,1,1,1,1,1,-1,-1,1,1,-1
1,1,1,1,1,-1,-1,-1,-1,-1,-1,1,1,-1,0,1,-1,1,0,1,1,-1,1,-1,-1,1,-1,-1,1,-1,-1
1,1,1,1,1,-1,1,1,-1,1,1,1,1,1,-1,1,1,1,0,1,1,1,1,1,1,1,1,-1,0,1,1
1,-1,1,1,1,-1,1,1,-1,-1,-1,1,1,0,-1,-1,-1,1,0,1,1,1,1,1,1,1,-1,1,0,-1,1
1,-1,1,1,1,-1,1,1,-1,1,1,1,1,0,0,-1,1,1,0,1,1,1,1,-1,1,1,-1,1,0,1,1
-1,1,1,1,1,1,-1,1,-1,1,1,1,1,1,0,-1,1,1,0,1,1,1,1,1,1,1,1,1,1,1,1
-1,-1,-1,1,-1,1,1,1,-1,1,1,-1,1,0,0,-1,1,-1,1,1,1,1,1,1,-1,0,-1,1,1,1,1
1,0,1,1,1,-1,-1,-1,-1,1,1,-1,1,0,-1,-1,-1,-1,0,1,1,1,1,1,-1,1,-1,1,0,-1,-1
1,-1,1,1,1,-1,1,1,1,1,1,1,-1,0,0,-1,1,1,0,1,1,1,1,1,-1,1,-1,1,0,1,1
1,0,-1,1,1,-1,0,1,-1,1,1,1,1,0,0,-1,-1,-1,0,-1,1,-1,1,-1,-1,1,-1,-1,-1,-1,1
-1,1,1,1,1,-1,1,0,-1,1,1,1,1,-1,0,-1,1,1,0,1,1,1,1,1,1,-1,1,-1,1,1,-1
1,-1,1,1,1,-1,1,1,-1,1,1,1,1,1,0,-1,1,1,0,1,1,1,1,1,1,0,-1,1,-1,1,1
1,-1,1,1,1,-1,-1,-1,1,1,1,1,-1,0,-1,-1,1,1,0,1,1,1,1,-1,-1,1,-1,1,1,1,-1
1,1,1,1,1,-1,1,1,-1,1,1,1,1,0,0,-1,1,1,0,1,1,1,1,1,1,1,1,1,0,1,1
1,-1,1,1,1,-1,-1,1,-1,1,1,1,1,0,-1,-1,1,1,0,1,1,1,1,-1,-1,0,-1,-1,0,1,-1
-1,-1,1,1,1,1,1,1,-1,1,1,1,1,0,1,-1,1,1,0,1,1,1,1,-1,1,-1,1,1,1,1,1
-1,-1,1,1,1,-1,0,-1,1,1,1,1,1,-1,-1,-1,1,1,0,1,1,1,1,-1,1,-1,-1,1,0,1,-1
1,-1,1,1,1,-1,-1,-1,1,1,1,1,-1,-1,-1,-1,1,1,0,1,1,1,1,1,1,1,-1,1,0,1,-1
-1,-1,1,1,1,-1,0,1,1,-1,1,1,-1,0,0,1,1,1,0,1,1,-1,1,1,1,1,-1,1,1,1,1
1,-1,1,1,1,-1,-1,0,-1,1,1,1,-1,-1,0,-1,1,1,0,1,1,1,1,1,1,0,-1,1,0,1,-1
-1,-1,-1,1,-1,-1,-1,1,-1,1,1,-1,1,1,0,-1,1,-1,1,1,1,1,1,1,-1,1,-1,1,1,1,1
1,-1,1,1,1,-1,-1,-1,-1,1,1,1,1,0,-1,-1,1,1,0,1,1,1,1,-1,1,0,1,1,0,1,-1
1,-1,1,1,1,-1,0,0,1,-1,-1,1,-1,-1,-1,-1,-1,1,0,-1,-1,-1,-1,1,-1,1,-1,-1,1,-1,-1
1,1,1,1,1,-1,0,1,-1,1,1,1,1,1,0,1,1,1,0,1,1,1,1,-1,1,1,1,1,0,1,1
-1,1,1,1,1,-1,0,1,-1,1,1,1,1,1,0,-1,1,1,0,1,1,1,1,1,1,1,-1,1,1,1,1
1,-1,1,1,1,-1,0,1,-1,-1,-1,1,1,1,0,-1,-1,1,0,-1,-1,-1,-1,-1,1,1,-1,1,1,-1,1
1,-1,1,1,1,-1,0,-1,1,1,1,1,-1,0,-1,-1,1,1,0,1,1,1,1,-1,1,1,-1,1,0,1,-1
1,-1,1,1,1,-1,0,1,-1,1,1,1,1,0,1,-1,1,1,0,1,1,1,1,-1,1,1,1,1,0,1,1
1,-1,1,1,1,-1,0,0,1,1,1,1,-1,-1,1,-1,1,1,0,1,1,1,1,1,-1,-1,-1,1,1,1,-1
-1,-1,1,1,1,-1,0,1,-1,1,1,1,1,0,0,-1,1,1,0,1,1,1,1,-1,1,0,-1,1,0,1,-1
1,-1,1,1,1,-1,1,1,-1,1,1,1,-1,0,0,0,1,1,0,1,1,1,1,-1,1,-1,-1,1,0,1,1
1,-1,1,1,1,1,1,1,-1,1,1,1,1,1,1,-1,1,1,0,1,1,1,1,1,1,0,-1,1,0,1,1
-1,1,1,1,1,-1,-1,-1,-1,1,1,1,1,-1,0,0,1,1,0,1,1,1,1,1,1,1,1,1,1,1,-1
1,-1,1,1,1,1,1,1,-1,1,1,1,1,0,0,1,1,1,0,1,1,1,1,-1,1,-1,-1,1,0,1,1
-1,-1,1,1,1,-1,1,1,-1,1,1,1,1,1,1,1,1,1,0,1,1,1,1,-1,1,-1,-1,1,0,-1,1
1,-1,1,1,1,-1,-1,1,-1,1,1,1,1,0,0,-1,1,1,0,1,1,1,1,-1,-1,0,-1,1,-1,1,-1
-1,1,1,1,1,-1,0,-1,-1,1,1,1,1,-1,0,-1,1,1,0,1,1,1,1,-1,1,0,1,1,1,1,-1
1,-1,1,1,1,-1,1,-1,1,1,1,1,1,0,0,-1,1,1,0,1,1,1,1,-1,1,0,-1,1,1,1,-1
1,-1,1,1,1,-1,1,1,-1,1,1,-1,1,0,-1,-1,1,1,0,1,1,1,1,1,1,0,-1,1,0,1,-1
1,-1,1,1,1,-1,-1,0,1,1,1,1,-1,-1,-1,1,1,1,0,1,1,1,1,1,1,0,-1,1,0,1,-1
-1,-1,-1,1,-1,-1,1,1,1,1,1,-1,-1,0,0,-1,1,-1,1,1,1,1,1,1,-1,1,-1,-1,1,1,1
1,1,1,1,1,-1,-1,1,-1,1,1,1,1,-1,-1,1,1,1,0,1,1,1,1,-1,-1,0,-1,-1,0,1,-1
1,-1,1,1,1,-1,0,-1,1,1,1,1,1,0,-1,-1,1,1,0,1,1,1,1,-1,1,0,-1,1,0,1,-1
1,-1,1,1,1,-1,0,0,-1,1,1,1,1,-1,0,-1,1,1,0,1,1,1,1,1,1,-1,-1,1,0,1,-1
1,-1,1,-1,1,-1,0,-1,-1,-1,-1,1,1,-1,0,-1,-1,1,0,-1,-1,-1,-1,-1,1,-1,1,1,0,1,-1
1,-1,1,1,1,1,0,1,-1,1,1,1,-1,0,-1,-1,-1,1,1,1,1,1,1,-1,1,0,1,1,0,1,1
-1,-1,-1,1,-1,1,1,1,1,1,1,-1,-1,0,0,-1,1,1,1,1,1,1,1,1,-1,1,-1,1,1,1,1
-1,1,1,1,1,1,-1,1,-1,1,1,1,1,0,1,-1,1,1,0,1,1,1,1,1,1,1,1,1,1,1,1
-1,-1,1,1,1,-1,-1,-1,-1,1,1,1,1,-1,0,-1,1,1,0,1,1,1,1,-1,1,-1,-1,1,-1,1,-1
1,-1,1,1,1,-1,1,-1,1,1,1,1,-1,0,1,0,1,1,0,1,1,1,1,-1,1,0,-1,1,0,1,1
1,-1,1,1,1,-1,1,1,1,1,1,1,1,1,-1,-1,1,1,0,1,1,1,1,1,1,1,-1,1,0,1,1
1,-1,1,1,1,-1,1,1,-1,1,1,1,-1,0,-1,1,1,1,0,1,1,1,1,1,1,1,-1,1,0,1,1
1,0,-1,-1,-1,-1,0,1,-1,1,1,-1,1,0,0,0,-1,-1,0,1,1,1,1,-1,-1,1,1,1,-1,1,1
-1,-1,1,1,1,-1,0,0,-1,1,1,1,1,0,-1,-1,1,1,0,1,1,1,1,1,1,1,-1,1,0,1,-1
1,-1,1,1,1,-1,0,1,1,-1,1,1,-1,1,0,-1,1,1,0,1,1,-1,-1,-1,-1,1,1,-1,1,1,1
1,1,-1,1,1,-1,1,-1,-1,1,1,1,1,-1,-1,-1,-1,-1,0,1,1,1,1,-1,-1,-1,-1,-1,0,-1,-1
1,-1,1,1,1,-1,-1,1,-1,1,1,1,1,1,0,-1,1,1,0,1,1,1,1,1,-1,-1,1,1,1,1,1
1,-1,1,-1,1,1,1,1,-1,-1,-1,1,1,1,1,-1,-1,1,0,-1,-1,-1,-1,1,1,-1,-1,1,1,1,1
-1,1,-1,-1,-1,-1,1,-1,-1,-1,-1,1,-1,0,-1,-1,-1,1,0,1,1,1,1,-1,1,0,1,1,-1,1,-1
1,-1,1,1,1,-1,1,1,-1,-1,-1,1,1,0,-1,-1,-1,1,0,-1,1,-1,1,-1,1,0,-1,1,0,-1,1
-1,-1,1,1,1,-1,0,1,-1,1,1,1,1,0,1,-1,1,1,0,1,1,1,1,-1,1,1,-1,1,1,1,1
-1,-1,1,1,1,-1,0,-1,-1,1,1,1,1,-1,-1,-1,1,1,0,1,1,1,1,-1,1,-1,1,1,0,1,-1
1,-1,1,1,1,-1,0,1,-1,1,1,1,1,0,0,-1,1,1,0,1,1,1,1,-1,1,1,-1,1,0,1,1
1,-1,1,1,1,1,0,-1,1,1,1,1,-1,0,0,-1,1,1,0,1,1,1,1,1,-1,1,-1,-1,1,1,1
1,-1,1,1,1,-1,-1,-1,1,-1,-1,1,-1,-1,0,-1,-1,1,0,-1,-1,-1,-1,-1,1,0,-1,1,0,-1,-1
1,-1,1,1,1,-1,-1,-1,1,1,1,1,-1,1,-1,-1,1,1,0,1,1,1,1,-1,-1,-1,-1,-1,1,1,-1
-1,-1,1,-1,1,-1,0,-1,1,1,1,1,-1,-1,-1,-1,1,1,0,1,1,1,1,-1,1,0,-1,1,0,1,-1
1,-1,1,-1,1,-1,0,0,1,1,1,1,-1,-1,0,-1,1,1,0,1,1,1,1,1,-1,-1,-1,1,1,1,-1
-1,-1,1,-1,1,1,1,1,-1,-1,-1,1,1,0,-1,-1,-1,1,0,-1,-1,-1,-1,1,1,1,-1,1,1,1,1
-1,-1,1,1,1,-1,-1,-1,1,1,1,1,-1,-1,-1,-1,1,1,0,1,1,1,1,-1,1,0,-1,1,0,1,-1
1,-1,1,1,1,-1,0,-1,1,-1,-1,1,-1,-1,0,-1,-1,1,0,-1,1,-1,-1,1,-1,0,-1,1,1,-1,-1
-1,-1,-1,1,-1,1,-1,1,-1,1,1,-1,1,0,0,-1,1,-1,1,1,1,1,1,1,-1,1,-1,1,1,1,1
-1,-1,1,1,1,1,0,1,-1,1,1,1,-1,1,0,0,1,1,0,1,1,1,1,-1,1,1,1,1,1,1,1
-1,-1,1,1,1,-1,-1,1,1,1,1,1,-1,0,1,1,1,1,0,1,1,1,1,-1,1,1,-1,1,1,1,1
-1,-1,1,1,1,-1,1,0,1,1,1,1,-1,-1,0,-1,1,1,0,1,1,1,1,-1,1,0,-1,1,1,1,-1
1,-1,1,1,1,-1,1,1,1,1,1,1,-1,1,1,-1,1,1,0,1,1,1,1,1,1,1,-1,1,0,1,1
-1,-1,1,-1,1,-1,1,1,-1,-1,-1,1,1,0,0,-1,-1,1,0,-1,1,-1,-1,1,1,-1,-1,1,1,1,1
-1,1,1,-1,1,-1,1,-1,-1,1,1,1,1,0,0,0,1,1,0,1,1,1,1,-1,1,0,1,1,0,1,1
1,-1,1,1,1,-1,0,-1,1,1,1,-1,-1,0,-1,-1,1,1,0,1,1,1,1,-1,1,0,-1,1,1,1,1
1,-1,1,1,1,-1,0,0,1,-1,-1,1,1,-1,0,-1,-1,1,0,1,1,-1,1,1,1,0,-1,-1,0,-1,-1
1,-1,-1,-1,1,-1,0,1,-1,-1,-1,1,1,1,0,-1,-1,1,0,-1,-1,-1,-1,-1,1,1,-1,1,0,1,1
-1,-1,1,1,1,-1,0,-1,1,1,1,1,-1,0,-1,-1,1,1,0,1,1,1,1,-1,1,1,1,1,0,1,-1
1,1,1,1,1,-1,-1,1,-1,1,1,1,1,1,0,1,1,1,0,1,1,1,1,1,1,1,1,1,0,1,1
1,1,1,1,1,-1,1,0,-1,1,1,1,1,0,0,-1,1,1,0,1,1,1,1,1,1,1,-1,1,-1,1,1
-1,-1,1,1,1,-1,0,1,1,1,1,1,-1,0,-1,0,1,1,0,1,1,1,1,-1,1,1,-1,1,1,1,1
1,-1,1,1,1,-1,1,1,-1,1,1,1,1,0,-1,0,1,1,0,1,1,1,1,1,1,-1,-1,1,0,1,1
1,1,1,1,1,-1,1,1,-1,1,1,1,1,0,1,0,1,1,0,1,1,1,1,1,1,1,1,1,0,-1,1
1,-1,1,1,1,-1,0,-1,1,1,1,1,-1,-1,0,-1,1,1,0,1,1,1,1,-1,-1,0,-1,1,1,1,-1
-1,-1,1,1,1,-1,1,-1,-1,1,1,1,-1,0,-1,-1,1,1,0,1,1,1,1,-1,1,0,-1,1,1,1,1
1,1,1,1,1,-1,0,-1,-1,1,1,1,-1,-1,0,-1,1,1,0,1,1,1,1,1,1,-1,1,1,0,1,-1
-1,-1,1,1,1,-1,0,-1,1,1,1,1,1,0,0,1,1,1,0,1,1,1,1,-1,1,1,-1,1,1,1,1
-1,-1,-1,1,-1,-1,1,1,1,1,1,-1,-1,1,0,-1,1,-1,1,1,1,1,1,-1,-1,0,-1,1,1,1,1
@attribute age_of_domain  { -1,1 }
1,0,1,1,1,-1,0,-1,1,1,1,1,-1,-1,-1,1,-1,1,0,1,1,1,1,-1,1,0,1,1,0,1,-1
1,-1,1,1,1,1,-1,1,-1,-1,-1,1,1,1,0,-1,-1,1,0,-1,-1,-1,-1,1,-1,1,-1,1,1,-1,1
1,-1,1,1,1,-1,1,1,-1,1,1,1,1,0,1,-1,1,1,0,1,1,1,1,1,-1,0,-1,1,-1,1,-1
1,-1,1,1,1,-1,1,1,-1,1,1,1,1,0,0,0,1,1,0,1,1,1,1,1,1,-1,-1,1,0,1,1
-1,-1,1,1,1,-1,1,-1,1,1,1,1,-1,0,1,-1,1,1,0,1,1,1,1,-1,1,1,1,1,1,-1,-1
1,-1,1,1,1,-1,-1,-1,1,1,1,1,1,0,0,-1,1,1,0,1,1,1,1,-1,-1,1,-1,-1,1,1,1
1,-1,1,1,1,-1,0,-1,1,1,1,1,-1,-1,1,-1,1,1,0,1,1,1,1,-1,-1,-1,-1,1,1,1,-1
1,-1,1,1,1,1,1,1,1,1,1,1,-1,1,-1,-1,1,1,0,1,1,-1,1,-1,1,1,1,1,0,1,1
1,-1,1,1,1,-1,-1,-1,-1,1,1,1,-1,-1,-1,-1,1,1,0,1,1,1,1,-1,-1,0,-1,1,0,1,-1
1,-1,1,1,1,-1,-1,1,-1,1,1,1,1,0,1,-1,1,1,0,1,1,1,1,-1,1,0,-1,1,0,1,1
1,-1,1,1,1,-1,-1,-1,-1,1,1,1,1,-1,-1,-1,1,1,0,1,1,1,1,-1,1,-1,-1,1,0,1,-1
1,1,1,1,1,-1,-1,1,-1,-1,-1,1,1,0,1,1,-1,1,0,1,1,-1,-1,1,-1,1,-1,1,1,1,1
-1,-1,1,1,1,-1,-1,-1,1,1,1,-1,-1,-1,-1,-1,1,1,0,1,1,1,1,1,1,1,-1,1,1,1,-1
1,-1,1,1,1,1,0,1,-1,1,1,1,1,1,1,-1,1,1,0,1,1,1,1,-1,1,1,-1,1,0,1,1
1,-1,1,1,1,-1,1,1,-1,1,1,1,1,0,1,1,1,1,0,1,1,1,1,-1,1,1,1,1,0,-1,1
1,1,1,1,1,1,0,1,-1,1,1,1,1,1,0,1,1,1,0,1,1,1,1,1,-1,1,-1,1,1,1,1
1,-1,1,1,1,-1,-1,1,1,1,1,1,-1,0,-1,-1,1,1,0,1,1,1,1,-1,-1,1,-1,1,1,1,-1
-1,0,-1,-1,1,-1,-1,1,-1,1,1,1,1,0,1,0,-1,-1,0,1,1,1,1,1,1,-1,-1,-1,0,1,1
1,-1,1,1,1,-1,-1,1,-1,1,1,1,-1,0,0,-1,1,1,0,1,1,1,1,-1,-1,0,-1,1,0,1,-1
-1,-1,1,1,1,-1,-1,1,-1,1,1,1,1,0,1,0,1,1,0,1,1,1,1,-1,1,1,-1,1,1,1,1
-1,1,1,1,1,-1,1,1,1,-1,1,1,-1,0,0,-1,1,1,1,-1,1,-1,1,1,1,1,1,1,0,1,1
1,-1,1,1,1,-1,1,1,-1,1,1,1,-1,0,-1,1,1,1,0,1,1,1,1,-1,1,1,-1,1,0,1,1
-1,-1,1,1,1,-1,1,1,-1,1,1,1,1,0,0,-1,1,1,0,1,1,1,1,-1,1,0,1,1,0,1,-1
1,1,1,-1,1,-1,0,1,-1,1,1,-1,1,0,0,-1,1,-1,0,1,1,1,1,1,1,1,1,1,0,1,1
-1,-1,1,1,1,-1,0,-1,1,1,1,1,-1,0,-1,-1,1,1,0,1,1,1,1,-1,1,0,1,1,1,1,-1
1,-1,1,1,1,-1,-1,-1,1,1,1,1,-1,-1,0,-1,1,1,0,1,1,1,1,-1,-1,-1,-1,-1,1,1,-1
-1,-1,-1,1,-1,-1,1,1,1,1,1,-1,-1,0,1,-1,1,-1,1,1,1,1,1,1,-1,1,1,1,1,1,1
1,1,1,1,1,-1,-1,-1,-1,-1,-1,1,1,-1,0,1,-1,1,0,1,1,-1,1,-1,-1,1,-1,1,1,-1,-1
1,1,-1,-1,1,-1,-1,1,-1,1,1,1,1,0,1,0,1,1,0,1,1,1,1,1,1,1,-1,1,1,1,1
1,-1,1,1,1,-1,-1,-1,1,1,1,1,1,0,-1,-1,1,1,0,1,1,1,1,1,-1,0,-1,1,1,1,-1
1,-1,1,1,1,-1,-1,-1,-1,1,1,1,1,0,-1,-1,1,1,0,1,1,1,1,1,-1,-1,-1,1,1,1,-1
1,-1,1,1,1,-1,1,1,-1,1,1,1,1,0,0,1,1,1,1,1,1,1,1,-1,1,1,1,1,0,1,1
-1,-1,-1,1,-1,-1,0,1,1,1,1,-1,-1,1,1,-1,1,-1,1,1,1,1,1,1,-1,1,-1,1,1,1,1
1,-1,1,1,1,-1,-1,-1,-1,1,1,1,1,-1,-1,-1,1,1,0,1,1,1,1,-1,1,1,-1,1,0,1,-1
1,-1,1,1,1,-1,-1,1,-1,-1,1,-1,1,0,-1,-1,-1,-1,0,-1,1,-1,-1,1,-1,1,1,1,0,-1,1
-1,1,1,1,1,-1,-1,-1,-1,1,1,1,1,-1,1,-1,1,1,0,1,1,1,1,1,1,0,1,1,1,1,-1
1,-1,1,1,1,-1,-1,1,-1,1,1,1,-1,0,0,1,1,1,0,1,1,1,1,-1,1,0,-1,1,0,1,1
1,1,1,1,1,1,1,1,1,1,1,1,-1,1,1,-1,1,1,0,1,1,1,1,1,1,1,1,1,0,-1,1
-1,-1,1,-1,1,-1,-1,-1,1,1,1,1,1,1,-1,-1,1,1,0,1,1,1,1,1,1,1,-1,1,0,1,-1
1,-1,1,1,1,-1,1,1,-1,1,1,1,-1,0,1,1,1,1,0,1,1,1,1,-1,1,1,-1,1,0,-1,1
1,-1,1,1,1,-1,0,-1,1,1,1,1,-1,-1,1,-1,1,1,0,1,1,1,1,-1,-1,-1,-1,1,1,1,-1
1,-1,1,1,1,-1,0,0,-1,1,1,1,1,-1,-1,-1,1,1,0,1,1,1,1,1,-1,-1,-1,1,1,1,-1
1,-1,1,1,1,-1,0,0,1,1,1,1,-1,-1,-1,-1,1,1,0,1,1,1,1,1,1,-1,-1,1,0,1,-1
1,-1,1,-1,1,-1,0,0,-1,-1,-1,1,1,-1,-1,-1,-1,1,0,-1,-1,-1,-1,-1,1,1,1,1,1,1,-1
1,-1,-1,1,-1,-1,0,-1,-1,1,1,-1,1,-1,1,-1,1,-1,0,1,1,1,1,-1,-1,-1,-1,-1,0,1,-1
1,-1,1,1,1,-1,0,0,-1,1,1,1,1,-1,0,-1,1,1,0,1,1,1,1,-1,1,1,1,1,0,1,-1
1,-1,1,1,1,-1,0,1,1,1,1,1,1,0,-1,-1,1,1,0,1,1,1,1,-1,-1,1,-1,1,0,1,-1
1,-1,1,1,1,-1,1,1,-1,1,1,1,1,0,-1,-1,1,1,0,1,1,1,1,-1,1,0,-1,1,0,1,-1
1,-1,1,-1,1,-1,-1,-1,-1,1,1,1,-1,1,-1,-1,1,1,0,1,1,1,1,1,1,1,-1,-1,0,1,-1
1,1,1,1,1,-1,0,1,-1,1,1,1,1,0,1,1,1,1,0,1,1,1,1,-1,-1,1,1,1,-1,1,1
1,1,1,1,1,-1,-1,1,-1,1,1,1,1,0,0,1,1,1,0,1,1,1,1,1,-1,1,1,1,0,1,1
1,-1,1,1,1,1,0,1,-1,1,1,1,-1,1,0,-1,1,1,0,1,1,1,1,1,-1,1,-1,1,1,1,1
-1,-1,1,-1,1,-1,-1,0,1,1,1,1,-1,-1,0,-1,1,1,0,1,1,1,1,1,1,1,-1,-1,0,1,-1
1,-1,1,-1,1,-1,-1,-1,-1,1,1,1,1,-1,-1,-1,1,1,0,1,1,1,1,-1,1,-1,1,1,0,1,-1
1,-1,1,1,1,-1,0,0,-1,1,1,1,1,0,-1,-1,1,1,0,1,1,1,1,1,-1,-1,-1,-1,1,1,-1
-1,1,-1,1,-1,1,1,1,-1,1,1,-1,1,0,0,-1,1,-1,0,1,1,1,1,1,-1,1,1,-1,1,1,1
1,-1,1,1,1,-1,1,1,-1,1,1,1,1,0,0,-1,1,1,0,1,1,1,1,-1,-1,0,-1,-1,1,1,1
1,-1,1,1,1,-1,0,1,-1,1,1,1,1,1,0,-1,1,1,0,1,1,1,1,1,1,1,-1,1,0,1,1
1,1,1,1,1,-1,1,1,-1,1,1,1,1,0,0,0,1,1,0,1,1,1,1,1,1,-1,1,1,0,1,1
1,1,1,-1,1,-1,-1,-1,-1,1,1,1,1,0,1,1,1,1,0,1,1,1,1,1,-1,1,-1,1,0,1,-1
1,-1,1,1,1,-1,1,1,1,-1,1,1,-1,1,0,-1,1,1,0,1,1,-1,1,-1,1,0,-1,1,0,1,1
1,-1,1,-1,1,-1,1,1,-1,1,1,1,1,0,1,-1,1,1,0,1,1,1,1,1,1,1,1,1,0,1,1
1,-1,1,1,-1,-1,0,0,1,1,1,1,-1,0,-1,-1,1,1,1,1,1,1,1,1,1,1,-1,-1,1,1,-1
1,-1,1,1,1,-1,1,-1,1,1,1,1,-1,1,-1,-1,1,1,1,1,1,1,1,-1,1,-1,-1,1,0,1,-1
1,-1,1,1,1,-1,-1,1,-1,-1,-1,1,1,0,0,-1,-1,1,0,1,1,-1,1,1,-1,1,-1,1,0,1,1
1,1,1,1,1,-1,0,0,-1,-1,-1,1,-1,-1,0,1,-1,1,0,1,1,-1,1,1,-1,-1,-1,1,0,-1,-1
1,-1,1,1,1,-1,-1,-1,-1,1,1,1,-1,-1,0,-1,1,1,0,1,1,1,1,-1,-1,-1,-1,-1,1,1,-1
1,-1,1,1,1,-1,-1,1,1,1,1,1,-1,0,-1,-1,1,1,0,1,1,1,1,1,1,1,-1,1,0,1,1
1,-1,1,1,1,-1,-1,1,-1,1,1,1,-1,0,-1,-1,1,1,0,1,1,1,1,1,-1,1,-1,1,0,1,1
1,-1,1,1,1,-1,-1,-1,-1,1,1,-1,-1,-1,-1,-1,1,1,0,1,1,1,1,-1,1,0,-1,1,0,1,-1
-1,-1,1,-1,1,-1,0,1,-1,-1,-1,1,-1,0,-1,-1,-1,1,0,1,1,1,1,-1,1,0,1,1,1,1,-1
1,-1,1,1,1,-1,-1,-1,-1,1,1,-1,1,-1,-1,-1,-1,1,0,1,1,1,1,-1,-1,1,-1,1,0,1,-1
1,-1,1,1,1,-1,1,0,-1,-1,1,1,1,-1,0,-1,1,1,0,-1,1,-1,1,-1,1,0,1,1,0,1,-1
-1,-1,1,-1,1,-1,1,-1,1,-1,-1,-1,-1,-1,1,-1,-1,-1,0,-1,1,-1,1,-1,1,-1,-1,1,0,-1,-1
-1,1,1,1,1,-1,0,0,-1,1,1,1,1,-1,0,-1,1,1,0,1,1,1,1,1,1,0,-1,1,1,1,-1
-1,1,-1,1,-1,-1,-1,1,-1,1,1,-1,1,0,0,0,1,-1,0,1,1,1,1,1,-1,1,-1,-1,1,1,1
-1,-1,1,1,1,-1,0,-1,-1,1,1,1,-1,-1,-1,-1,1,1,1,1,1,1,1,-1,1,0,-1,1,0,-1,-1
-1,-1,1,1,-1,-1,1,-1,1,1,1,1,-1,0,-1,-1,1,1,0,1,1,1,1,-1,1,1,-1,1,0,1,-1
-1,-1,1,1,1,-1,1,0,-1,1,1,1,1,-1,-1,0,1,1,0,1,1,1,1,-1,1,0,-1,1,0,1,-1
-1,-1,-1,1,-1,-1,0,0,-1,-1,-1,-1,-1,-1,1,-1,-1,-1,1,-1,1,-1,1,1,-1,-1,-1,1,1,-1,-1
1,-1,1,1,1,-1,-1,1,-1,1,1,1,1,0,1,-1,1,1,0,1,1,1,1,1,-1,-1,1,1,1,1,1
1,-1,1,1,1,-1,0,-1,-1,1,1,1,1,-1,0,-1,1,1,0,1,1,1,1,-1,1,1,1,1,0,1,-1
1,-1,1,1,1,-1,1,-1,-1,1,1,1,-1,-1,-1,-1,1,-1,0,1,1,1,1,-1,-1,0,-1,-1,1,1,-1
1,-1,1,1,1,-1,1,1,-1,1,1,1,-1,0,0,1,1,1,0,1,1,1,1,-1,1,0,-1,1,0,1,1
-1,-1,-1,1,-1,-1,-1,-1,-1,1,1,-1,-1,-1,1,-1,1,-1,1,1,1,1,1,-1,1,-1,-1,-1,0,1,-1
-1,-1,1,1,1,-1,1,1,-1,1,1,1,1,0,1,1,1,1,0,1,1,1,1,-1,1,0,-1,1,1,1,1
-1,-1,1,1,1,-1,1,1,-1,1,1,1,1,1,1,1,1,1,0,1,1,1,1,1,1,1,-1,1,0,1,1
-1,-1,1,1,1,-1,-1,-1,1,1,1,1,-1,0,-1,1,1,1,0,1,1,1,1,1,1,1,-1,-1,1,1,-1
-1,-1,1,1,1,-1,0,-1,1,1,1,1,-1,-1,1,-1,1,1,0,1,1,1,1,1,1,1,-1,-1,1,-1,-1
1,-1,1,1,1,-1,0,0,1,1,1,1,-1,-1,0,-1,1,1,0,1,1,1,1,1,1,-1,-1,-1,0,1,-1
-1,-1,1,1,1,1,0,1,1,1,1,1,-1,1,1,-1,1,1,0,1,1,1,1,-1,1,1,1,1,0,1,1
1,-1,1,1,1,-1,1,1,-1,1,1,1,-1,0,0,1,1,1,0,1,1,1,1,1,1,1,-1,1,0,1,1
1,-1,1,1,1,-1,0,-1,1,1,1,1,-1,-1,-1,-1,1,1,0,1,1,1,1,-1,-1,-1,-1,-1,0,1,-1
-1,-1,1,-1,1,-1,1,1,-1,-1,-1,1,1,-1,1,-1,-1,1,0,-1,1,-1,-1,1,1,-1,-1,1,1,1,1
1,-1,1,1,1,-1,0,1,-1,-1,1,1,1,0,0,-1,-1,-1,0,-1,1,-1,1,-1,1,0,-1,1,-1,-1,1
