1,-1,1,1,1,1,1,1,-1,1,1,1,1,1,1,-1,1,1,0,1,1,1,1,1,1,-1,-1,1,0,1,1
1,-1,1,1,1,-1,0,1,-1,-1,-1,1,-1,1,1,-1,-1,1,0,1,1,-1,1,-1,-1,1,-1,1,1,1,1
1,-1,1,1,1,-1,1,1,-1,1,1,1,-1,0,1,-1,1,1,0,1,1,1,1,1,-1,-1,-1,1,1,1,1
1,-1,1,1,1,-1,-1,1,-1,1,1,1,-1,0,0,-1,1,1,0,1,1,1,1,-1,-1,1,-1,1,0,1,-1
-1,-1,-1,1,-1,-1,0,1,1,1,1,-1,-1,0,1,-1,1,-1,1,1,1,1,1,1,-1,1,-1,1,1,1,1
-1,-1,1,1,1,-1,0,0,-1,1,1,1,1,-1,-1,0,1,1,0,1,1,1,1,1,1,0,-1,1,0,1,-1
1,-1,1,1,1,-1,0,0,1,-1,-1,1,-1,-1,0,-1,-1,1,0,-1,1,-1,-1,1,1,0,-1,1,0,-1,-1
1,-1,1,1,1,-1,-1,-1,1,1,1,1,-1,-1,0,-1,1,1,0,1,1,1,1,1,-1,-1,-1,-1,1,1,-1
1,1,1,1,1,-1,-1,-1,-1,1,1,1,1,-1,-1,1,1,1,0,1,1,1,1,-1,-1,-1,-1,1,0,1,-1
1,-1,1,1,1,-1,1,0,-1,1,1,1,1,0,-1,-1,1,1,0,1,1,1,1,1,1,1,-1,1,0,1,1
-1,-1,-1,-1,-1,-1,0,-1,-1,-1,-1,-1,-1,0,1,-1,-1,-1,0,-1,1,1,-1,-1,-1,-1,1,-1,1,1,-1
1,-1,1,1,1,-1,0,-1,1,1,1,1,-1,-1,-1,-1,1,1,0,1,1,1,1,-1,-1,-1,-1,1,0,1,-1
1,1,1,1,1,-1,0,0,1,1,1,1,-1,-1,0,1,1,1,0,1,1,1,1,1,1,0,-1,1,0,1,-1
1,-1,1,1,1,-1,1,1,1,-1,1,1,-1,0,0,-1,1,1,0,1,1,-1,1,1,-1,0,1,1,1,1,1
1,-1,1,1,1,-1,0,0,-1,-1,-1,1,-1,-1,-1,-1,-1,1,0,1,1,-1,1,1,-1,1,-1,1,1,1,-1
1,-1,1,1,1,-1,-1,-1,1,1,1,1,-1,-1,0,-1,1,1,0,1,1,1,1,1,1,-1,-1,1,0,1,-1
1,-1,1,1,1,-1,1,1,-1,-1,-1,1,1,0,0,-1,-1,1,0,1,1,-1,1,-1,1,1,-1,1,0,1,1
1,1,1,1,1,-1,1,1,-1,1,1,1,1,1,-1,1,1,1,0,1,1,1,1,1,1,1,1,-1,0,1,1
1,-1,1,1,1,-1,0,0,1,1,1,1,-1,-1,0,-1,1,1,0,1,1,1,1,1,1,-1,-1,-1,0,1,-1
1,-1,1,1,1,-1,1,1,1,1,1,1,1,0,-1,-1,1,1,0,1,1,1,1,1,-1,0,-1,1,1,1,1
-1,-1,1,1,1,-1,1,0,1,1,1,1,-1,1,-1,-1,1,1,1,1,1,1,1,-1,1,-1,1,1,1,1,-1
1,-1,1,1,1,-1,0,-1,-1,1,1,1,1,-1,-1,-1,1,1,0,1,1,1,1,1,1,1,-1,1,0,1,-1
1,0,1,1,1,-1,-1,-1,1,1,1,-1,-1,0,-1,-1,1,1,0,1,1,1,1,-1,-1,0,-1,1,0,1,-1
1,1,1,1,1,-1,0,1,-1,-1,-1,1,1,0,0,1,-1,1,0,-1,1,-1,-1,-1,-1,1,-1,1,1,-1,1
1,-1,1,1,1,-1,-1,1,-1,1,1,1,1,1,0,-1,1,-1,0,1,1,1,1,1,-1,-1,-1,1,1,1,1
-1,-1,1,1,1,-1,-1,-1,1,1,1,1,-1,-1,-1,-1,1,1,0,1,1,1,1,-1,1,1,-1,1,0,1,-1
1,-1,1,1,1,-1,1,1,-1,1,1,1,-1,0,0,1,1,1,0,1,1,1,1,-1,1,1,1,1,0,1,1
-1,-1,1,1,1,-1,1,0,-1,1,1,1,1,-1,-1,0,1,1,0,1,1,1,1,-1,1,0,-1,1,0,1,-1
1,1,1,1,1,-1,-1,1,-1,1,1,1,1,0,0,1,1,1,0,1,1,1,1,-1,1,1,-1,1,0,1,1
1,-1,1,1,1,-1,0,1,-1,1,1,1,-1,0,-1,-1,1,1,0,1,1,1,1,-1,1,0,-1,1,0,1,1
1,-1,1,1,1,-1,-1,-1,1,-1,-1,1,-1,-1,-1,-1,-1,-1,0,-1,1,-1,1,-1,-1,1,-1,1,-1,-1,-1
1,1,1,1,1,-1,0,0,-1,1,1,1,1,-1,0,1,1,1,0,1,1,1,1,1,-1,0,-1,1,1,1,-1
-1,-1,-1,-1,-1,-1,-1,1,1,1,1,-1,-1,1,-1,1,1,-1,0,1,1,1,1,-1,-1,1,-1,1,1,1,1
1,-1,1,1,1,-1,0,1,-1,1,1,1,1,0,1,-1,1,1,0,1,1,1,1,-1,-1,1,-1,1,1,1,1
1,-1,1,1,1,-1,-1,-1,-1,1,1,1,1,1,0,-1,1,1,0,1,1,1,1,-1,1,1,-1,-1,0,1,-1
-1,-1,-1,1,-1,-1,0,0,-1,1,1,-1,-1,-1,1,-1,1,-1,0,1,1,1,1,1,-1,-1,1,1,0,1,-1
-1,-1,-1,1,1,-1,0,0,-1,1,1,-1,-1,-1,1,-1,-1,-1,0,1,1,1,1,1,-1,-1,-1,1,0,-1,-1
-1,-1,-1,1,1,1,1,1,-1,1,1,-1,1,0,-1,-1,1,1,0,1,1,1,1,1,-1,1,-1,1,-1,1,1
1,-1,1,1,1,-1,-1,1,-1,1,1,1,1,0,0,-1,1,1,0,1,1,1,1,1,1,1,1,1,0,1,1
-1,-1,-1,1,-1,-1,-1,1,-1,1,1,-1,1,0,-1,-1,1,-1,1,1,1,1,1,1,-1,1,-1,1,1,-1,1
1,-1,1,1,1,-1,-1,1,-1,1,1,1,1,1,-1,-1,1,1,0,1,1,1,1,1,-1,1,-1,1,1,1,1
1,-1,1,1,1,-1,0,0,-1,1,1,1,-1,-1,0,-1,1,1,0,1,1,1,1,1,1,0,-1,1,0,1,-1
-1,-1,-1,1,-1,-1,-1,1,-1,1,1,-1,1,0,-1,-1,1,-1,1,1,1,1,1,1,-1,1,-1,1,1,1,1
-1,-1,-1,1,-1,1,0,1,-1,1,1,-1,1,0,0,-1,1,-1,0,1,1,1,1,-1,-1,1,-1,-1,1,1,1
1,-1,1,1,1,1,-1,1,-1,1,1,-1,-1,1,-1,-1,-1,-1,0,1,1,1,1,1,1,0,-1,1,0,-1,1
1,-1,1,-1,1,-1,0,-1,1,1,1,1,-1,-1,-1,-1,1,1,0,1,1,1,1,-1,-1,0,-1,-1,0,1,-1
-1,-1,-1,-1,-1,-1,1,1,1,1,1,-1,-1,1,-1,1,1,-1,0,1,1,1,1,1,-1,0,-1,-1,1,1,1
1,-1,1,1,1,-1,0,0,1,1,1,1,-1,-1,0,-1,1,1,0,1,1,1,1,1,1,-1,-1,-1,0,1,-1
-1,-1,1,1,1,-1,1,-1,1,1,1,1,1,0,-1,-1,1,1,0,1,1,1,1,1,1,1,-1,-1,0,1,-1
1,-1,1,1,1,-1,1,-1,1,1,1,1,-1,-1,0,-1,1,1,0,1,1,1,1,1,-1,-1,-1,1,1,1,-1
1,-1,1,1,1,-1,0,1,-1,1,1,1,1,0,1,-1,-1,1,0,1,1,1,1,-1,-1,1,-1,1,-1,1,1
-1,-1,1,1,1,-1,1,1,-1,-1,-1,1,1,0,0,-1,-1,1,0,1,1,-1,1,-1,1,1,-1,1,0,1,1
-1,-1,1,1,1,-1,1,1,-1,1,1,1,1,0,-1,-1,1,1,0,1,1,1,1,1,1,1,-1,1,0,1,1
1,1,1,1,1,1,0,1,-1,1,1,1,1,0,-1,1,1,1,0,1,1,1,1,-1,1,0,-1,1,0,1,1
1,-1,1,1,1,-1,1,-1,1,1,1,1,-1,0,-1,-1,1,1,0,1,1,1,1,-1,-1,1,-1,1,0,1,-1
1,-1,1,1,1,-1,-1,-1,1,-1,-1,1,-1,-1,1,-1,-1,1,0,-1,1,-1,-1,1,1,-1,-1,1,0,-1,-1
1,-1,1,1,1,-1,-1,-1,1,1,1,1,-1,-1,-1,-1,1,1,0,1,1,1,1,1,1,1,-1,1,0,1,-1
-1,1,-1,-1,-1,1,0,1,-1,-1,1,-1,1,1,1,-1,-1,-1,1,1,1,-1,1,-1,-1,0,1,1,1,1,1
1,1,1,-1,1,-1,0,-1,-1,1,1,1,1,-1,0,1,1,1,0,1,1,1,1,-1,-1,-1,-1,-1,1,1,-1
-1,1,-1,1,-1,1,0,1,-1,-1,1,-1,1,1,1,1,-1,-1,1,1,1,-1,1,-1,-1,0,-1,1,1,-1,1
1,-1,1,1,1,-1,1,1,1,1,1,-1,-1,0,1,0,-1,1,0,1,1,1,1,-1,1,1,-1,1,0,1,1
1,-1,1,1,1,-1,0,-1,1,1,1,1,-1,-1,-1,-1,1,1,0,1,1,1,1,-1,1,-1,-1,1,0,1,-1
1,-1,1,1,1,-1,-1,-1,-1,1,1,1,1,0,-1,-1,1,1,0,1,1,1,1,-1,-1,1,-1,1,0,1,-1
1,-1,1,1,1,-1,1,1,-1,1,1,1,-1,1,1,1,1,1,0,1,1,1,1,-1,1,1,-1,1,0,-1,1
1,-1,1,1,1,-1,-1,-1,1,1,1,1,-1,-1,-1,-1,1,1,0,1,1,1,1,-1,-1,0,-1,-1,0,1,-1
1,-1,1,1,1,-1,-1,1,-1,1,1,1,-1,0,-1,-1,1,1,0,1,1,1,1,1,1,1,1,1,0,1,1
1,-1,1,1,1,-1,-1,-1,1,1,1,1,-1,-1,-1,-1,1,1,0,1,1,1,1,-1,-1,0,-1,1,1,1,-1
1,-1,1,1,1,-1,1,1,-1,1,1,1,1,0,0,-1,1,1,0,1,1,1,1,1,1,1,1,1,0,1,1
1,-1,1,1,1,-1,-1,-1,1,1,1,1,-1,-1,0,-1,1,1,0,1,1,1,1,-1,-1,0,-1,1,0,1,-1
1,-1,1,1,1,1,1,1,1,1,1,1,-1,1,1,-1,1,1,0,1,1,1,1,1,1,1,-1,1,0,1,1
1,-1,1,1,1,-1,-1,-1,-1,1,1,-1,1,-1,-1,-1,-1,1,0,1,1,1,1,-1,-1,1,-1,1,0,1,-1
-1,-1,-1,-1,-1,-1,1,-1,-1,-1,-1,-1,-1,-1,1,1,-1,-1,1,-1,-1,-1,-1,1,-1,1,-1,1,1,1,-1
1,-1,1,1,1,1,0,-1,-1,1,1,1,1,0,0,-1,1,1,0,1,1,1,1,1,1,1,-1,1,0,1,1
1,1,1,1,1,-1,1,1,-1,1,1,1,1,1,0,-1,1,1,0,1,1,1,1,1,1,1,-1,1,0,1,1
1,-1,1,1,1,-1,-1,1,-1,1,1,1,1,0,-1,-1,1,1,0,1,1,1,1,1,1,0,-1,1,0,1,-1
1,-1,1,1,1,-1,-1,-1,1,1,1,1,-1,0,-1,-1,1,1,0,1,1,1,1,-1,-1,0,-1,1,1,1,-1
-1,1,-1,1,-1,-1,-1,1,-1,1,1,-1,1,1,-1,-1,1,-1,0,1,1,1,1,1,-1,1,-1,-1,1,1,1
-1,1,-1,1,-1,1,0,1,-1,-1,1,-1,1,1,1,1,-1,-1,1,1,1,-1,1,-1,-1,0,-1,1,1,-1,1
1,-1,1,1,1,-1,1,1,-1,-1,-1,1,-1,0,1,-1,-1,1,0,1,1,-1,1,1,-1,1,1,1,1,1,1
-1,0,-1,-1,-1,-1,0,-1,1,1,-1,1,-1,-1,1,-1,1,-1,1,1,-1,1,-1,-1,1,-1,1,1,1,-1,-1
-1,1,1,1,1,1,1,1,-1,1,1,1,1,1,0,-1,1,1,0,1,1,1,1,1,1,-1,1,1,1,1,1
1,-1,1,1,1,-1,1,1,-1,1,1,-1,-1,1,0,-1,-1,-1,0,1,1,1,1,1,1,-1,-1,1,0,-1,1
1,-1,1,1,1,-1,0,-1,-1,1,1,1,-1,-1,-1,-1,1,1,0,1,1,1,1,-1,1,0,1,1,0,1,-1
1,-1,1,1,1,-1,-1,-1,1,1,1,1,-1,-1,-1,-1,1,1,0,1,1,1,1,1,-1,-1,-1,1,0,1,-1
-1,1,1,1,1,-1,0,0,-1,1,1,1,1,-1,0,-1,1,1,0,1,1,1,1,1,1,0,1,1,1,1,-1
-1,-1,1,1,1,-1,1,1,-1,1,1,1,1,0,0,-1,1,1,0,1,1,1,1,1,1,-1,-1,1,1,1,1
1,-1,1,-1,1,1,1,1,-1,-1,-1,1,1,1,1,-1,-1,1,0,-1,-1,-1,-1,1,1,-1,-1,1,1,1,1
1,-1,1,1,1,-1,-1,-1,1,-1,-1,1,-1,0,0,-1,-1,1,0,-1,-1,-1,-1,-1,1,-1,-1,1,0,-1,-1
1,-1,1,1,1,-1,1,1,-1,1,1,1,1,1,1,1,1,1,0,1,1,1,1,-1,1,1,-1,1,0,-1,1
1,-1,1,1,1,-1,0,1,-1,1,1,1,1,0,0,-1,1,1,0,1,1,1,1,-1,1,0,-1,1,0,1,-1
-1,-1,1,1,1,1,-1,1,-1,1,1,1,1,0,0,-1,1,1,0,1,1,1,1,-1,1,1,-1,1,-1,1,1
1,-1,1,1,1,-1,1,1,-1,1,1,1,-1,1,0,-1,1,1,1,1,1,1,1,-1,1,-1,1,1,1,1,1
1,-1,1,1,1,-1,-1,1,1,1,1,1,-1,-1,0,-1,1,1,0,1,1,1,1,1,1,1,-1,-1,0,1,-1
-1,-1,-1,1,-1,-1,-1,-1,1,-1,-1,-1,-1,-1,1,-1,-1,-1,1,1,1,-1,-1,-1,-1,0,-1,1,1,1,-1
-1,-1,-1,1,1,1,1,1,-1,1,1,-1,1,0,-1,-1,1,1,0,1,1,1,1,1,-1,1,-1,1,-1,1,1
1,-1,1,1,1,-1,-1,0,1,1,1,1,1,0,-1,-1,1,1,0,1,1,1,1,-1,-1,1,-1,-1,0,1,-1
-1,-1,1,1,1,-1,1,1,1,1,1,1,-1,0,-1,-1,1,1,0,1,1,1,1,-1,1,1,-1,1,1,1,1
1,-1,1,-1,1,-1,0,-1,-1,1,1,1,1,-1,0,-1,1,1,0,1,1,1,1,-1,-1,-1,-1,1,1,1,-1
1,-1,1,1,1,-1,-1,1,-1,1,1,1,1,0,1,1,1,1,0,1,1,1,1,-1,1,1,1,1,1,1,1
-1,-1,1,-1,1,-1,1,1,-1,-1,-1,-1,1,0,-1,1,-1,1,0,-1,1,-1,-1,-1,1,1,-1,1,1,1,1
-1,1,1,1,1,1,-1,1,-1,1,1,1,1,1,0,-1,1,1,0,1,1,1,1,1,1,1,1,1,1,1,1
1,-1,1,-1,1,-1,1,1,-1,1,1,1,1,1,0,1,-1,-1,1,1,1,1,1,-1,1,1,1,1,0,1,1
1,-1,1,1,1,1,1,1,-1,1,1,1,1,0,0,1,1,1,0,1,1,1,1,-1,1,1,-1,1,0,1,1
1,1,1,1,1,-1,0,1,-1,1,1,1,1,1,1,1,1,1,1,1,1,1,1,1,1,1,-1,1,0,1,1
1,-1,1,1,1,-1,0,0,1,1,1,1,-1,-1,1,-1,1,1,0,1,1,1,1,1,-1,-1,-1,-1,1,1,-1
-1,-1,-1,1,-1,1,-1,1,-1,1,1,-1,1,0,0,-1,1,-1,0,1,1,1,1,-1,-1,1,-1,-1,1,1,1
1,1,1,1,1,-1,1,-1,-1,1,1,-1,1,0,0,-1,1,1,1,1,1,1,1,-1,1,0,-1,1,-1,1,1
-1,-1,-1,1,-1,-1,1,-1,-1,1,1,-1,1,1,0,-1,1,-1,1,1,1,1,1,1,-1,0,-1,1,1,1,1
-1,-1,-1,1,-1,-1,0,-1,-1,1,1,-1,1,-1,1,-1,1,-1,1,1,1,1,1,-1,1,-1,-1,1,0,1,-1
1,-1,1,1,-1,-1,1,-1,-1,1,1,1,1,0,0,-1,-1,1,1,1,1,1,1,-1,1,0,-1,-1,0,1,-1
-1,1,-1,-1,-1,-1,0,1,-1,1,1,-1,1,0,-1,-1,1,-1,1,1,1,1,1,1,-1,1,1,1,1,1,1
-1,-1,1,1,-1,-1,0,-1,1,1,1,1,-1,-1,0,-1,1,1,0,1,1,1,1,-1,1,-1,1,1,0,1,-1
1,-1,1,1,1,-1,0,1,1,1,1,1,-1,1,0,-1,1,1,0,1,1,1,1,1,-1,-1,1,1,1,1,1
1,-1,1,-1,1,-1,-1,-1,-1,1,1,1,-1,-1,0,-1,1,1,0,1,1,1,1,-1,-1,-1,-1,1,1,1,-1
-1,-1,1,1,1,-1,1,1,1,1,1,1,1,0,-1,1,1,1,0,1,1,1,1,1,1,1,-1,1,1,1,1
1,-1,1,1,1,-1,0,-1,-1,1,1,1,-1,0,-1,1,1,1,0,1,1,1,1,-1,1,-1,1,1,0,1,-1
1,-1,1,1,1,-1,0,1,1,1,1,1,-1,0,0,-1,1,1,0,1,1,1,1,-1,1,-1,-1,1,0,1,1
1,-1,1,-1,1,1,1,1,-1,-1,-1,1,-1,1,0,-1,1,1,0,-1,1,-1,-1,-1,1,1,1,1,0,1,1
-1,1,1,1,1,-1,-1,-1,-1,1,1,1,-1,-1,0,-1,1,1,0,1,1,1,1,-1,1,0,1,1,0,1,-1
1,-1,1,1,1,-1,1,1,-1,1,1,1,1,1,0,-1,1,1,0,1,1,1,1,1,1,1,1,1,0,1,1
1,1,1,1,1,-1,1,1,-1,1,1,1,1,0,1,1,1,1,0,1,1,1,1,1,1,1,1,-1,-1,1,1
1,-1,1,1,1,-1,-1,-1,-1,1,1,1,-1,-1,-1,-1,1,1,0,1,1,1,1,-1,-1,-1,-1,1,0,1,-1
1,-1,1,1,1,1,1,1,1,1,1,1,-1,0,0,-1,1,1,0,1,1,1,1,1,1,-1,1,1,0,1,1
1,-1,1,-1,1,-1,-1,-1,1,1,1,1,1,-1,0,-1,1,1,0,1,1,1,1,1,-1,-1,-1,1,1,1,-1
1,-1,1,-1,1,-1,0,-1,1,-1,-1,1,-1,-1,0,-1,-1,1,0,-1,-1,-1,-1,-1,1,0,-1,1,0,1,-1
1,-1,1,1,1,-1,-1,1,-1,1,1,1,1,0,0,-1,1,1,0,1,1,1,1,-1,-1,0,-1,1,0,1,-1
1,1,1,1,1,-1,0,-1,-1,1,1,1,1,0,0,-1,1,1,0,1,1,1,1,1,1,1,1,1,0,1,1

1,-1,1,1,1,-1,-1,1,-1,1,1,1,1,0,1,-1,1,1,0,1,1,1,1,1,-1,-1,1,1,1,1,1
-1,-1,1,1,1,-1,1,1,-1,-1,-1,1,-1,0,1,1,-1,1,0,1,1,-1,1,1,1,1,-1,1,1,1,1
1,-1,1,1,1,-1,-1,-1,-1,1,1,1,1,-1,0,-1,1,1,0,1,1,1,1,-1,-1,1,-1,1,1,1,-1
1,-1,1,1,1,-1,1,1,1,1,1,1,-1,0,0,0,1,1,0,1,1,1,1,-1,1,1,-1,1,0,1,1
1,0,1,-1,1,-1,0,1,1,1,1,-1,-1,0,-1,0,-1,-1,0,1,1,1,1,-1,1,-1,-1,1,0,1,1
1,-1,1,1,1,-1,1,1,1,1,1,1,-1,0,0,0,1,1,0,1,1,1,1,1,1,-1,-1,1,0,1,1
-1,-1,-1,-1,-1,-1,-1,-1,1,-1,-1,-1,-1,-1,1,-1,-1,-1,1,-1,1,-1,-1,1,-1,1,-1,1,1,1,-1
-1,-1,1,-1,1,-1,0,1,-1,1,1,1,-1,0,1,-1,1,1,0,1,1,1,1,1,1,0,-1,-1,0,1,-1
-1,-1,1,1,1,-1,0,-1,1,1,1,1,-1,-1,0,-1,1,1,0,1,1,1,1,1,1,1,-1,1,0,1,-1
-1,1,-1,-1,-1,-1,-1,-1,-1,1,1,-1,1,-1,-1,-1,1,-1,1,1,1,1,1,1,-1,1,1,1,0,-1,-1
1,-1,1,1,1,-1,0,-1,-1,1,1,1,1,0,0,-1,1,1,1,1,1,1,1,-1,1,1,1,1,0,1,-1
1,-1,1,-1,1,1,1,1,-1,1,1,1,1,0,1,-1,1,1,0,1,1,1,1,1,1,1,-1,1,0,1,1
-1,-1,1,-1,-1,1,1,1,-1,-1,-1,1,1,1,-1,1,-1,-1,1,-1,1,-1,1,1,1,1,-1,1,1,1,1
-1,-1,1,1,1,1,-1,1,-1,-1,1,-1,1,1,-1,-1,-1,1,0,1,-1,-1,-1,-1,1,1,-1,1,1,1,1
-1,1,1,1,1,-1,0,1,-1,1,1,1,1,1,0,-1,1,1,0,1,1,1,1,1,1,1,-1,1,1,1,1
-1,1,-1,1,-1,-1,1,1,-1,1,1,-1,1,1,-1,1,1,1,1,1,1,1,1,1,-1,-1,1,1,-1,1,1
1,-1,1,-1,1,-1,1,1,-1,1,1,1,1,1,0,1,-1,-1,0,1,1,1,1,-1,1,1,1,1,0,1,1
1,-1,1,1,1,1,1,1,-1,1,1,1,1,1,1,-1,1,1,0,1,1,1,1,-1,1,0,-1,1,0,1,1
-1,-1,1,-1,1,-1,1,1,-1,-1,-1,1,1,1,-1,-1,-1,1,0,-1,-1,-1,-1,1,1,1,-1,1,1,1,-1
-1,-1,1,-1,1,-1,1,1,-1,-1,-1,1,1,0,1,1,-1,1,0,1,-1,-1,-1,-1,1,1,-1,1,1,1,1
1,-1,1,1,1,-1,-1,1,-1,-1,-1,1,1,0,1,-1,-1,1,0,1,-1,-1,-1,1,-1,1,1,1,1,-1,1
1,1,-1,1,1,1,-1,1,-1,1,1,-1,1,0,1,1,1,1,0,1,1,1,1,1,1,1,-1,1,-1,1,1
1,-1,1,1,1,-1,-1,-1,-1,1,1,1,1,-1,1,-1,1,1,0,1,1,1,1,-1,-1,-1,-1,1,1,1,-1
1,-1,1,1,1,-1,-1,-1,1,1,1,1,1,0,0,-1,1,1,0,1,1,1,1,-1,1,1,-1,-1,0,1,-1
1,-1,1,1,1,-1,-1,1,1,1,1,1,-1,-1,-1,-1,1,1,0,1,1,1,1,1,1,1,-1,-1,0,1,-1
1,-1,1,1,1,-1,0,-1,-1,1,1,1,1,1,1,1,1,1,0,1,1,1,1,-1,1,1,1,1,0,1,1
-1,-1,1,-1,1,-1,1,1,-1,-1,1,-1,1,0,-1,1,-1,-1,0,-1,1,-1,-1,-1,1,1,-1,1,0,1,1
1,-1,1,1,1,-1,-1,1,1,1,1,1,-1,-1,-1,-1,1,1,0,1,1,1,1,-1,1,-1,-1,1,0,1,-1
1,-1,1,1,1,-1,-1,1,1,1,1,1,1,0,-1,-1,1,1,0,1,1,1,1,-1,-1,1,-1,1,1,1,1
-1,-1,-1,1,-1,-1,1,-1,-1,1,1,-1,1,1,0,-1,1,-1,1,1,1,1,1,1,-1,0,-1,1,1,1,1
1,-1,1,1,1,-1,-1,1,1,1,1,1,-1,1,-1,-1,1,1,0,1,1,1,1,1,-1,-1,-1,1,1,1,1
1,-1,1,1,1,-1,-1,1,-1,1,1,1,-1,0,0,1,1,1,0,1,1,1,1,-1,1,1,-1,1,0,1,1
1,-1,1,1,1,-1,-1,-1,-1,1,1,1,-1,0,-1,-1,1,1,0,1,1,1,1,-1,-1,1,-1,-1,0,1,-1
1,-1,1,1,1,-1,1,1,-1,1,1,-1,1,-1,-1,-1,1,1,0,1,1,1,1,1,1,0,-1,1,0,1,-1
-1,-1,1,-1,1,-1,0,-1,-1,1,1,1,-1,-1,-1,-1,1,1,1,1,1,1,1,-1,1,-1,-1,1,0,1,-1
1,-1,1,1,1,-1,1,1,-1,1,1,1,1,0,-1,-1,1,1,0,1,1,1,1,1,1,0,-1,1,0,1,-1
1,-1,-1,1,-1,-1,1,1,1,1,1,-1,-1,0,1,-1,1,-1,0,1,1,1,1,-1,-1,-1,1,-1,0,1,1
-1,-1,-1,1,-1,1,0,1,-1,1,1,-1,1,0,-1,-1,1,-1,0,1,1,1,1,-1,-1,1,1,-1,1,1,1
-1,-1,1,1,1,-1,1,1,-1,1,1,1,1,0,0,-1,-1,1,0,1,1,1,1,-1,1,1,-1,1,-1,1,1
1,-1,1,1,1,-1,1,1,-1,1,1,1,1,1,1,-1,1,1,0,1,1,1,1,1,1,1,-1,1,0,1,1
-1,-1,-1,-1,-1,-1,1,1,-1,1,1,-1,1,1,0,-1,-1,-1,1,1,1,1,1,1,-1,-1,-1,1,-1,1,1
1,-1,1,1,1,-1,0,1,1,1,1,1,-1,0,0,0,1,1,0,1,1,1,1,-1,1,-1,-1,1,0,-1,1
1,-1,1,1,1,-1,-1,1,1,1,1,1,1,-1,-1,-1,1,1,0,1,1,1,1,1,1,1,-1,1,0,1,-1
-1,1,1,-1,1,-1,1,1,-1,-1,-1,1,1,0,-1,0,-1,1,0,-1,-1,-1,-1,1,1,1,-1,1,1,1,1
1,-1,-1,1,-1,-1,-1,-1,1,1,1,-1,-1,-1,1,-1,1,-1,1,1,1,1,1,1,-1,0,-1,-1,0,1,-1
-1,1,1,1,1,-1,-1,1,-1,1,1,1,-1,1,0,-1,1,1,0,1,1,1,1,1,1,-1,-1,1,1,1,1
-1,-1,1,1,1,-1,-1,-1,-1,1,1,1,-1,1,1,-1,1,1,0,1,1,1,1,-1,1,0,-1,1,1,1,1
-1,0,-1,1,1,-1,0,1,-1,1,1,1,1,0,0,-1,1,1,0,-1,1,-1,1,-1,1,1,-1,1,1,1,1
1,-1,1,1,1,-1,-1,1,1,1,1,1,1,0,0,1,1,1,0,1,1,1,1,1,1,-1,-1,1,0,1,1
1,-1,1,1,1,-1,0,-1,-1,1,1,1,-1,-1,0,-1,1,1,0,1,1,1,1,-1,1,-1,1,1,0,1,-1
1,-1,1,1,1,-1,1,1,-1,1,1,1,1,0,0,-1,1,1,0,1,1,1,1,1,1,1,-1,1,0,1,1
1,1,1,1,1,-1,1,1,-1,-1,1,1,1,0,-1,0,1,1,0,-1,1,-1,1,-1,1,0,1,1,0,1,1
1,-1,1,1,1,-1,1,1,-1,1,1,1,-1,0,-1,0,-1,1,0,1,1,1,1,-1,1,-1,-1,1,0,1,1
1,1,1,1,1,-1,-1,1,-1,1,1,1,1,1,0,1,1,1,0,1,1,1,1,1,1,1,1,1,0,1,1
1,-1,1,1,1,-1,0,0,1,1,1,1,-1,-1,0,-1,1,1,0,1,1,1,1,1,-1,-1,-1,-1,0,1,-1
1,-1,1,1,1,-1,-1,-1,1,1,1,1,-1,-1,0,-1,1,1,0,1,1,1,1,1,-1,-1,-1,1,0,1,-1
-1,1,1,1,1,-1,0,-1,-1,1,1,-1,1,-1,-1,0,1,1,0,1,1,1,1,1,1,-1,-1,1,-1,1,-1
1,-1,1,1,1,-1,1,1,-1,-1,-1,1,1,1,1,-1,-1,1,0,-1,-1,-1,-1,1,-1,1,1,-1,1,-1,1
1,-1,1,-1,-1,-1,1,1,-1,1,1,1,1,1,0,1,1,1,0,1,1,1,1,1,1,-1,-1,-1,0,1,1
1,-1,1,1,1,-1,-1,-1,-1,1,1,1,1,0,0,-1,1,1,0,1,1,1,1,-1,1,1,-1,1,0,1,1
1,-1,1,1,1,-1,1,1,-1,1,1,1,-1,1,0,-1,1,1,0,1,1,1,1,1,1,-1,-1,-1,1,1,1
-1,-1,1,1,1,-1,0,-1,-1,1,1,1,-1,0,-1,1,1,1,0,1,1,1,1,-1,1,-1,1,1,1,-1,-1
1,1,-1,1,-1,1,-1,1,-1,1,1,-1,1,0,0,1,-1,-1,0,1,1,1,1,1,1,1,-1,1,1,-1,1
-1,-1,-1,-1,-1,-1,-1,-1,-1,-1,-1,-1,-1,0,1,-1,-1,-1,1,-1,1,1,-1,1,-1,1,-1,1,1,1,-1
1,-1,1,1,1,-1,-1,1,-1,-1,-1,1,1,0,0,-1,-1,1,0,1,1,-1,1,1,1,1,-1,1,0,1,1
1,-1,1,1,1,1,1,1,1,1,1,1,-1,1,-1,-1,1,1,0,1,1,-1,1,-1,1,1,1,1,0,1,1
1,1,1,-1,1,-1,1,1,-1,1,1,-1,1,0,0,-1,1,-1,0,1,1,1,1,1,1,1,1,1,0,1,1
1,-1,1,1,1,-1,-1,1,-1,1,1,1,1,1,0,-1,1,1,0,1,1,1,1,1,-1,-1,-1,1,1,1,1
1,-1,1,1,1,-1,-1,1,1,1,1,1,-1,-1,1,-1,1,1,0,1,1,1,1,-1,1,0,-1,1,0,1,-1
-1,-1,-1,1,-1,-1,1,1,1,1,1,-1,-1,0,-1,1,1,-1,1,1,1,1,1,1,-1,-1,-1,1,1,1,1
-1,-1,1,1,1,-1,0,-1,-1,1,1,1,1,0,0,-1,1,1,0,1,1,1,1,-1,1,0,1,1,0,1,-1
1,-1,1,1,1,-1,-1,1,-1,1,1,1,-1,0,0,-1,1,1,0,1,1,1,1,-1,1,1,-1,1,0,-1,1
1,-1,1,1,1,-1,-1,1,1,1,1,1,-1,0,0,1,1,1,0,1,1,1,1,-1,1,-1,-1,1,0,1,1
1,-1,1,1,1,-1,1,-1,-1,1,1,1,-1,-1,0,-1,-1,1,0,1,1,1,1,-1,-1,-1,-1,1,0,1,-1
1,-1,1,1,1,-1,0,0,-1,1,1,1,-1,-1,-1,-1,1,1,0,1,1,1,1,1,1,1,-1,1,0,1,-1
1,-1,1,1,1,-1,0,1,-1,1,1,1,1,0,0,-1,1,1,0,1,1,1,1,1,1,1,-1,1,0,1,1
1,-1,1,1,1,-1,-1,-1,-1,1,1,1,1,-1,0,-1,1,1,0,1,1,1,1,1,1,1,-1,-1,0,1,-1
1,-1,-1,1,-1,1,-1,1,-1,1,1,1,1,1,0,-1,1,1,1,1,1,1,1,-1,-1,1,-1,1,-1,1,1
-1,1,-1,1,-1,-1,1,1,-1,1,1,-1,1,1,0,0,1,-1,0,1,1,1,1,1,-1,1,-1,-1,1,1,1
1,-1,1,1,1,-1,-1,1,-1,1,1,-1,1,0,1,-1,1,1,0,1,1,1,1,-1,-1,-1,-1,1,0,1,1
1,-1,1,1,1,-1,-1,-1,1,1,1,1,-1,0,1,-1,1,1,0,1,1,1,1,1,-1,1,-1,-1,1,1,-1
-1,-1,1,-1,1,-1,0,-1,1,1,1,1,-1,-1,-1,-1,1,1,0,1,1,1,1,-1,1,0,-1,1,0,1,-1
1,1,1,1,1,-1,-1,-1,-1,-1,-1,1,1,-1,0,1,-1,1,0,1,1,-1,1,-1,-1,1,-1,1,1,-1,-1
1,-1,1,1,1,-1,-1,1,-1,1,1,1,1,0,-1,-1,1,1,0,1,1,1,1,-1,1,0,-1,1,0,1,1
1,-1,1,1,1,-1,1,1,-1,1,1,1,1,0,0,-1,1,1,0,1,1,1,1,1,1,1,-1,1,0,1,1
1,-1,1,1,1,-1,1,1,-1,1,1,-1,1,0,1,-1,1,1,0,1,1,1,1,1,1,0,-1,1,-1,1,1
-1,-1,1,1,1,-1,1,-1,-1,1,1,-1,1,-1,-1,-1,-1,1,0,1,1,1,1,1,1,0,-1,1,0,1,-1
-1,-1,-1,1,-1,-1,1,1,-1,1,1,-1,1,0,1,1,1,-1,1,1,1,1,1,1,-1,0,-1,1,1,1,1
-1,-1,1,1,1,-1,0,1,-1,1,1,1,1,0,0,-1,1,1,0,1,1,1,1,-1,1,1,-1,-1,1,1,1
-1,-1,-1,-1,-1,-1,0,1,-1,1,1,-1,1,0,-1,1,-1,-1,0,1,1,1,1,-1,-1,1,1,1,-1,1,1
-1,-1,1,-1,1,-1,1,1,-1,-1,-1,1,1,0,1,0,-1,1,0,-1,1,-1,-1,1,1,-1,-1,1,1,1,1
1,-1,1,-1,1,-1,1,1,-1,-1,-1,1,1,1,-1,-1,-1,1,1,-1,1,-1,1,-1,1,1,1,1,0,1,1
-1,-1,1,1,1,-1,-1,-1,-1,-1,1,1,-1,-1,1,-1,1,1,0,1,1,-1,1,1,1,1,-1,-1,0,1,-1
1,1,1,-1,1,-1,1,1,-1,1,1,1,1,1,0,0,1,1,0,1,1,1,1,1,1,1,1,1,0,1,1
-1,-1,-1,1,-1,-1,1,1,1,1,1,-1,-1,0,1,-1,1,-1,1,1,1,1,1,1,1,-1,-1,1,0,1,1
-1,-1,1,1,1,-1,-1,-1,-1,1,1,1,-1,-1,-1,-1,1,1,0,1,1,1,1,1,1,1,-1,-1,0,-1,-1
-1,-1,1,-1,1,-1,1,1,-1,-1,-1,1,1,0,0,-1,-1,1,0,-1,-1,-1,-1,-1,1,1,-1,1,1,1,1
-1,-1,1,1,1,-1,0,1,-1,1,1,1,1,0,0,-1,1,1,0,1,1,1,1,1,1,1,-1,1,0,1,-1
1,-1,1,1,1,-1,0,-1,-1,1,1,1,1,0,-1,-1,1,1,0,1,1,1,1,1,1,0,-1,-1,0,1,-1
1,0,1,-1,1,-1,-1,1,-1,-1,1,-1,-1,-1,0,-1,1,1,0,-1,1,-1,-1,-1,-1,0,-1,1,0,1,-1
1,-1,1,1,1,-1,0,1,-1,1,1,1,-1,0,1,-1,1,1,0,1,1,1,1,-1,1,0,-1,1,0,1,-1
1,-1,1,1,1,-1,0,-1,-1,1,1,1,1,-1,1,-1,1,1,0,1,1,1,1,-1,-1,1,-1,-1,0,1,-1
-1,-1,-1,1,-1,1,0,1,-1,1,1,-1,1,1,1,-1,1,-1,1,1,1,1,1,1,-1,1,-1,1,1,1,1
1,-1,1,1,1,-1,1,1,-1,1,1,1,1,0,0,-1,1,1,0,1,1,1,1,-1,-1,0,-1,-1,1,1,1
1,1,-1,1,1,-1,0,-1,1,1,1,1,-1,-1,-1,-1,1,1,0,1,1,1,1,-1,-1,0,-1,1,1,1,-1
1,-1,-1,-1,1,-1,1,1,-1,1,1,1,1,0,0,0,1,1,0,1,1,1,1,-1,1,1,-1,1,0,1,1
1,1,1,1,1,-1,1,1,-1,-1,1,1,1,0,-1,1,1,1,0,1,1,-1,1,1,1,1,-1,1,1,1,1
1,-1,1,1,1,-1,0,0,-1,1,1,1,1,-1,-1,-1,1,1,0,1,1,1,1,1,1,-1,-1,1,0,1,-1
1,-1,1,-1,1,-1,1,1,-1,-1,-1,1,1,0,1,1,-1,-1,0,-1,1,-1,1,1,1,1,-1,1,0,1,1
-1,-1,1,1,1,-1,-1,0,-1,1,1,1,1,0,-1,0,1,1,0,1,1,1,1,1,1,0,-1,1,1,1,-1
1,-1,1,1,1,-1,-1,-1,-1,1,1,1,1,-1,-1,-1,1,1,0,1,1,1,1,-1,1,1,-1,1,0,1,-1
1,-1,-1,-1,-1,-1,1,1,-1,1,1,-1,1,0,-1,1,-1,-1,0,1,1,1,1,1,-1,1,-1,1,-1,1,1
1,1,1,1,1,1,-1,1,-1,-1,-1,1,1,1,-1,1,-1,1,0,1,1,-1,-1,1,1,1,-1,1,0,-1,1
1,-1,1,1,1,-1,0,-1,1,1,1,1,-1,-1,-1,0,1,1,0,1,1,1,1,-1,1,0,1,1,0,1,-1
1,-1,1,1,1,-1,-1,-1,1,1,1,1,1,-1,-1,-1,1,1,0,1,1,1,1,1,1,1,-1,1,0,1,-1
1,1,1,1,1,-1,-1,1,-1,1,1,1,1,-1,-1,1,1,1,0,1,1,1,1,-1,1,0,-1,1,0,1,-1
-1,1,-1,1,-1,-1,1,1,-1,1,1,-1,1,0,-1,1,1,-1,1,1,1,1,1,1,-1,1,-1,1,1,-1,1
1,-1,1,1,1,-1,0,1,-1,-1,-1,1,1,0,1,-1,-1,1,0,-1,-1,-1,-1,-1,-1,1,-1,1,1,-1,1
1,1,1,-1,1,-1,0,1,-1,1,1,-1,1,0,0,-1,1,-1,0,1,1,1,1,1,1,1,1,1,0,1,1
-1,-1,1,-1,1,-1,1,1,-1,-1,-1,1,1,-1,1,-1,-1,1,0,-1,1,-1,-1,-1,1,1,-1,1,1,1,1
1,-1,1,1,1,-1,0,1,-1,1,1,1,1,0,0,-1,1,1,0,1,1,1,1,-1,1,1,-1,1,0,1,1
1,-1,1,1,1,1,-1,1,1,1,1,1,-1,0,1,-1,1,1,0,1,1,1,1,1,-1,1,-1,1,1,1,1
1,-1,1,1,1,-1,0,1,-1,1,1,1,1,0,0,0,1,1,0,1,1,1,1,-1,1,1,1,1,0,1,1
1,0,-1,1,1,-1,1,1,-1,1,1,-1,1,0,1,-1,1,1,0,1,1,1,1,1,-1,1,1,1,0,1,1
-1,-1,-1,-1,-1,1,1,1,-1,1,1,-1,1,1,1,-1,-1,-1,0,1,1,1,1,1,-1,-1,-1,-1,0,1,1
@attribute on_mouseover  { 1,-1 }
1,-1,1,1,1,-1,-1,1,-1,1,1,1,1,0,-1,-1,1,1,0,1,1,1,1,1,1,1,-1,1,0,1,1
1,-1,1,1,1,-1,1,1,-1,1,1,1,1,1,1,-1,1,1,0,1,1,1,1,1,1,1,1,1,0,1,1
-1,-1,1,1,1,-1,1,1,-1,1,1,1,1,1,1,-1,1,1,0,1,1,1,1,-1,1,1,1,1,0,-1,1
1,-1,1,-1,1,1,-1,1,-1,1,1,1,1,1,1,-1,-1,-1,0,1,1,1,1,1,1,1,1,1,-1,1,1
1,-1,1,-1,1,-1,-1,-1,-1,1,1,1,-1,-1,0,-1,1,1,0,1,1,1,1,-1,-1,-1,-1,1,0,1,-1
-1,-1,1,1,1,-1,0,1,-1,-1,1,1,-1,-1,-1,-1,1,1,0,1,1,-1,1,1,1,1,-1,-1,1,1,-1
1,-1,1,1,1,-1,-1,-1,-1,1,1,1,1,-1,-1,-1,1,1,0,1,1,1,1,-1,1,-1,-1,1,1,1,-1
1,1,1,1,1,-1,1,1,-1,1,1,1,1,0,0,-1,1,-1,0,1,1,1,1,-1,1,0,-1,1,0,-1,1
1,-1,1,1,1,-1,-1,1,-1,1,1,1,1,0,0,-1,1,1,0,1,1,1,1,-1,1,0,1,1,0,1,1
-1,-1,1,1,1,-1,0,1,-1,1,1,1,1,0,0,-1,1,1,0,1,1,1,1,-1,1,1,-1,1,0,1,1
1,-1,1,1,1,-1,0,1,-1,1,1,1,1,1,0,-1,1,1,0,1,1,1,1,-1,1,1,1,1,-1,1,1
1,-1,1,-1,1,1,1,1,-1,1,1,1,1,1,1,-1,1,1,0,1,1,1,1,1,1,1,-1,1,0,1,1
-1,-1,1,-1,1,1,-1,1,-1,1,1,1,-1,0,1,-1,1,1,0,1,1,1,1,1,1,-1,-1,1,1,1,1
1,-1,1,1,1,-1,0,1,-1,1,1,1,-1,0,-1,-1,1,1,1,1,1,1,1,-1,1,0,-1,1,0,1,1
1,-1,1,-1,1,-1,-1,1,1,1,1,1,1,0,1,-1,1,1,0,1,1,1,1,-1,1,1,1,1,0,1,1
1,-1,1,1,1,-1,-1,-1,1,1,1,1,-1,0,-1,-1,1,1,0,1,1,1,1,-1,1,0,1,1,0,1,-1
1,-1,1,1,1,-1,1,1,1,1,1,1,-1,1,0,0,1,1,0,1,1,1,1,-1,1,0,-1,1,0,1,1
-1,-1,1,-1,1,-1,0,0,1,-1,-1,1,-1,-1,-1,-1,-1,1,0,-1,1,-1,1,-1,1,1,1,1,1,1,-1
-1,-1,1,1,1,-1,1,1,-1,-1,-1,1,-1,1,0,-1,-1,1,0,1,1,-1,-1,1,1,1,-1,1,0,1,1
1,-1,1,1,1,-1,-1,1,-1,1,1,1,1,0,1,-1,1,1,0,1,1,1,1,-1,1,0,-1,1,0,1,1
1,1,1,1,1,-1,0,-1,-1,1,1,1,1,0,1,1,1,1,0,1,1,1,1,1,1,1,-1,1,0,1,1
1,-1,1,1,1,-1,0,0,-1,1,1,1,1,-1,-1,-1,1,1,0,1,1,1,1,1,-1,0,-1,1,0,1,-1
-1,-1,1,1,1,-1,0,0,1,1,1,1,-1,-1,-1,0,1,1,0,1,1,1,1,-1,1,-1,-1,1,1,1,-1
-1,-1,1,1,1,-1,0,0,1,1,1,1,-1,-1,-1,-1,1,1,0,1,1,1,1,1,1,0,-1,1,1,1,-1
1,-1,1,1,1,-1,-1,-1,-1,-1,1,1,1,0,0,-1,1,1,0,1,1,-1,1,-1,-1,0,1,1,1,1,-1
1,-1,1,1,1,-1,-1,1,1,1,1,1,-1,0,-1,-1,1,1,0,1,1,1,1,1,1,1,-1,1,0,1,1
1,-1,1,1,1,-1,1,1,1,1,1,1,-1,0,1,-1,1,1,0,1,1,1,1,1,1,1,-1,1,1,1,1
1,-1,1,1,1,-1,1,1,-1,-1,-1,1,1,0,0,-1,-1,1,0,1,1,-1,1,1,1,-1,-1,1,0,1,1
1,-1,1,1,1,-1,-1,-1,-1,1,1,1,1,-1,1,-1,1,1,0,1,1,1,1,-1,-1,-1,-1,1,1,1,-1
-1,-1,-1,1,-1,-1,0,0,-1,-1,-1,-1,-1,-1,1,-1,-1,-1,1,-1,1,-1,1,1,-1,-1,-1,1,1,-1,-1
1,1,1,1,1,-1,0,1,-1,1,1,1,1,0,-1,-1,1,1,0,1,1,1,1,1,1,1,1,1,0,1,-1
-1,-1,1,1,1,-1,1,1,-1,1,1,1,1,1,-1,1,1,1,1,1,1,1,1,-1,1,1,1,1,1,1,1
-1,-1,-1,1,-1,1,1,1,1,1,1,-1,-1,1,0,-1,-1,-1,0,1,1,1,1,1,-1,1,1,1,1,-1,1
1,-1,1,1,1,-1,0,-1,1,1,1,-1,-1,-1,-1,-1,-1,-1,0,1,1,1,1,1,1,0,-1,1,-1,-1,-1
1,-1,1,1,1,-1,-1,-1,-1,1,1,1,1,0,-1,-1,1,1,0,1,1,1,1,-1,-1,-1,1,1,1,1,-1
-1,-1,1,1,1,1,1,1,1,1,1,1,-1,1,0,-1,1,1,0,1,1,1,1,-1,1,-1,1,1,1,1,1
1,-1,1,1,1,-1,0,-1,-1,1,1,1,-1,-1,-1,-1,1,1,0,1,1,1,1,1,1,1,-1,1,0,1,-1
-1,-1,-1,1,-1,1,-1,1,-1,1,1,-1,1,0,0,-1,1,-1,1,1,1,1,1,-1,-1,1,-1,1,1,1,1
1,-1,1,1,1,-1,1,-1,-1,1,1,1,-1,-1,0,-1,1,1,0,1,1,1,1,1,1,-1,-1,1,0,1,-1
-1,-1,-1,1,-1,-1,0,1,-1,1,1,-1,1,0,1,-1,1,-1,1,1,1,1,1,1,-1,1,1,1,1,1,1
1,-1,1,1,1,-1,-1,-1,-1,1,1,1,1,-1,0,-1,1,1,0,1,1,1,1,1,-1,-1,-1,1,0,1,-1
1,-1,1,1,1,-1,0,0,-1,1,1,1,1,-1,0,-1,1,1,0,1,1,1,1,1,1,-1,-1,1,0,1,-1
-1,-1,1,1,1,-1,0,1,1,1,1,1,1,0,0,-1,1,1,0,1,1,1,1,1,1,1,-1,-1,1,1,-1
-1,1,-1,1,-1,-1,1,0,-1,1,1,-1,1,-1,1,0,1,-1,1,1,1,1,1,1,-1,0,1,1,1,1,-1
1,-1,1,1,1,-1,-1,1,-1,1,1,1,1,0,0,-1,1,1,0,1,1,1,1,1,-1,0,-1,-1,1,1,-1
1,-1,1,-1,1,-1,-1,1,-1,1,1,1,1,1,1,-1,1,1,0,1,1,1,1,1,1,1,1,-1,0,1,1
1,-1,1,1,1,-1,-1,1,-1,-1,1,1,1,1,1,-1,1,1,0,1,1,-1,1,1,-1,1,1,-1,1,1,1
-1,-1,1,1,1,-1,1,0,1,1,1,1,-1,0,0,0,1,1,1,1,1,1,1,-1,1,-1,-1,1,0,1,-1
-1,1,1,1,1,-1,-1,1,-1,1,1,1,-1,1,0,-1,1,1,0,1,1,1,1,-1,1,-1,1,1,1,1,1
1,-1,1,1,1,1,1,1,-1,1,1,1,1,1,1,-1,1,1,0,1,1,1,1,1,1,-1,-1,1,0,-1,1
1,-1,1,-1,1,-1,0,0,-1,-1,-1,1,1,-1,-1,-1,-1,1,0,-1,-1,-1,-1,-1,1,1,1,1,1,1,-1
1,1,1,-1,1,-1,-1,-1,-1,-1,1,1,1,-1,1,1,1,1,0,1,1,-1,1,1,-1,-1,-1,1,0,-1,-1
-1,1,1,1,1,1,1,1,-1,1,1,1,1,0,1,-1,1,1,0,1,1,1,1,1,1,-1,1,1,1,1,1
-1,-1,1,1,1,-1,0,0,1,1,1,1,1,-1,1,-1,-1,1,0,1,1,1,1,1,1,1,-1,1,1,1,-1
1,-1,1,1,1,-1,-1,-1,-1,1,1,1,-1,-1,0,-1,1,1,0,1,1,1,1,1,1,1,-1,1,0,1,-1
1,1,1,-1,1,-1,-1,-1,-1,-1,-1,1,-1,-1,0,-1,-1,1,0,-1,1,-1,-1,-1,1,1,1,1,0,1,-1
-1,1,1,1,1,-1,0,-1,-1,1,1,-1,1,-1,-1,0,1,1,0,1,1,1,1,1,1,-1,-1,1,-1,-1,-1
1,-1,1,1,1,-1,1,1,-1,1,1,1,1,0,1,-1,1,1,0,1,1,1,1,1,-1,-1,-1,1,1,1,1
1,-1,1,1,1,1,1,1,1,1,1,1,-1,1,0,-1,1,1,0,1,1,1,1,1,-1,-1,-1,1,1,1,1
1,-1,1,1,1,-1,1,1,1,1,1,1,-1,0,-1,-1,1,1,0,1,1,1,1,1,1,1,1,-1,0,1,1
-1,-1,1,1,1,1,1,1,-1,1,1,1,1,0,1,-1,1,1,0,1,1,1,1,-1,1,-1,1,1,1,1,1
-1,1,-1,1,-1,-1,-1,1,-1,1,1,-1,1,1,0,1,1,-1,1,1,1,1,1,1,-1,1,-1,1,1,1,1
-1,-1,1,1,1,-1,0,-1,-1,-1,1,1,1,0,0,1,1,1,0,1,1,-1,1,1,1,1,-1,1,1,1,-1
1,-1,1,1,1,-1,-1,-1,-1,1,1,1,1,-1,1,-1,1,1,0,1,1,1,1,1,1,0,-1,1,1,1,-1
-1,1,1,1,1,1,-1,1,-1,1,1,1,1,0,1,-1,1,1,0,1,1,1,1,1,1,1,1,1,1,1,1
-1,-1,1,1,1,-1,0,1,-1,1,1,1,1,0,0,-1,1,1,0,1,1,1,1,-1,1,1,-1,-1,1,1,1
1,-1,1,1,1,-1,0,-1,1,1,1,1,-1,-1,0,-1,1,1,0,1,1,1,1,-1,1,0,-1,1,0,-1,-1
1,-1,1,1,1,1,-1,-1,-1,1,1,1,1,1,-1,-1,1,1,0,1,1,1,1,-1,1,0,1,1,0,1,1
-1,-1,1,1,1,1,1,1,-1,-1,-1,1,1,0,0,-1,-1,1,0,-1,1,-1,1,-1,1,1,1,1,1,1,1
-1,-1,1,-1,1,-1,-1,-1,1,-1,-1,1,-1,-1,-1,-1,-1,1,0,-1,-1,-1,-1,-1,1,0,1,1,0,1,-1
-1,-1,-1,1,-1,1,-1,1,-1,1,1,-1,-1,0,0,-1,1,-1,0,1,1,1,1,1,-1,1,-1,1,0,-1,1
1,1,1,1,1,1,-1,1,-1,1,1,1,1,1,-1,1,1,1,0,1,1,1,1,-1,-1,1,1,1,-1,1,1
-1,-1,1,1,-1,-1,-1,-1,1,1,1,1,-1,-1,0,-1,1,1,0,1,1,1,1,1,1,0,-1,1,0,1,-1
1,-1,1,-1,1,-1,0,1,-1,-1,1,1,1,0,0,-1,-1,-1,0,-1,1,-1,1,-1,1,1,-1,1,-1,1,1
1,-1,1,1,1,-1,-1,1,-1,1,1,1,1,0,-1,1,1,1,0,1,1,1,1,-1,1,1,1,1,0,1,1

1,-1,1,1,1,-1,1,1,-1,1,1,1,-1,0,1,1,1,1,0,1,1,1,1,-1,1,1,-1,1,0,1,1
1,-1,1,1,1,-1,0,0,1,-1,-1,1,1,-1,0,-1,-1,1,0,1,1,-1,1,1,1,0,-1,1,0,-1,-1
1,-1,1,1,1,-1,0,1,-1,1,1,1,-1,0,0,-1,1,1,0,1,1,1,1,-1,-1,1,-1,1,0,1,1
-1,1,-1,1,-1,1,1,1,-1,1,1,-1,1,0,0,-1,1,-1,0,1,1,1,1,1,-1,1,1,-1,1,1,1
-1,-1,1,1,1,-1,0,1,1,1,1,1,-1,-1,-1,-1,1,1,0,1,1,1,1,-1,1,1,1,1,0,1,-1
1,-1,1,1,1,-1,-1,1,-1,1,1,1,1,0,0,-1,1,1,0,1,1,1,1,1,1,1,-1,1,0,1,1
1,-1,1,1,1,-1,0,1,-1,1,1,1,1,0,-1,-1,1,1,0,1,1,1,1,1,-1,1,-1,1,1,1,-1
1,-1,1,1,1,-1,-1,-1,-1,1,1,-1,-1,-1,0,0,1,1,0,1,1,1,1,-1,1,-1,-1,1,0,1,-1
1,-1,1,1,1,-1,-1,1,1,1,1,1,1,0,0,-1,1,1,0,1,1,1,1,1,-1,-1,-1,1,1,1,1
1,-1,1,1,1,1,1,1,-1,1,1,1,1,1,-1,-1,1,1,0,1,1,-1,1,1,1,1,-1,1,0,1,1
1,-1,1,1,1,-1,1,-1,1,1,1,1,-1,-1,1,-1,1,1,0,1,1,1,1,1,-1,-1,-1,1,1,1,-1
-1,-1,-1,1,-1,1,1,1,-1,1,1,-1,1,1,0,-1,1,-1,1,1,1,1,1,1,1,1,1,1,1,1,1
-1,-1,1,1,1,-1,1,1,-1,1,1,1,1,1,-1,-1,1,1,0,1,1,1,1,-1,1,1,-1,1,1,1,1
-1,-1,1,1,1,-1,1,1,1,1,1,1,1,0,-1,-1,1,1,0,1,1,1,1,-1,1,0,1,1,1,1,1
-1,-1,-1,-1,-1,-1,1,0,-1,-1,-1,-1,-1,-1,1,0,-1,-1,0,-1,1,-1,1,-1,-1,0,-1,1,-1,1,-1
1,-1,-1,1,1,1,-1,1,1,1,1,1,-1,1,0,-1,-1,-1,0,1,1,1,1,1,-1,0,-1,1,0,-1,1
1,-1,1,1,1,-1,1,1,-1,1,1,1,-1,0,0,-1,1,1,0,1,1,1,1,1,1,1,-1,1,0,1,1
-1,-1,1,1,1,-1,1,0,1,1,1,1,1,-1,-1,-1,1,1,0,1,1,1,1,-1,1,-1,-1,1,0,1,-1
1,-1,-1,1,1,-1,0,1,-1,1,1,1,1,1,0,-1,1,-1,0,1,1,1,1,-1,1,1,-1,1,0,1,1
1,-1,1,-1,1,-1,1,1,-1,-1,-1,1,1,1,-1,-1,-1,1,0,-1,1,-1,1,1,1,1,-1,1,0,1,1
1,-1,1,1,1,-1,-1,-1,-1,1,1,1,1,1,-1,-1,1,1,0,1,1,1,1,-1,1,-1,-1,-1,0,1,-1
1,-1,1,1,1,-1,1,1,-1,1,1,1,1,0,0,-1,1,1,0,1,1,1,1,1,1,0,-1,1,-1,1,1
1,-1,1,1,1,-1,1,1,-1,1,1,1,1,0,-1,-1,1,1,0,1,1,1,1,1,-1,0,-1,1,1,1,1
1,-1,1,-1,1,-1,-1,1,-1,1,1,1,-1,1,1,-1,1,1,0,1,1,1,1,1,1,1,1,1,0,1,1
1,-1,1,1,1,-1,1,1,-1,1,1,1,-1,-1,0,-1,1,1,0,1,1,1,1,-1,-1,1,-1,1,0,-1,-1
1,-1,1,1,1,-1,-1,-1,-1,1,1,1,1,0,-1,-1,1,1,0,1,1,1,1,1,-1,0,-1,-1,0,1,-1
-1,-1,-1,1,-1,-1,-1,-1,-1,1,1,-1,1,-1,-1,-1,1,-1,1,1,1,1,1,-1,-1,1,-1,1,1,1,-1
1,-1,1,1,1,-1,-1,1,-1,1,1,1,1,1,0,-1,1,1,0,1,1,1,1,-1,1,1,1,-1,0,1,1
-1,-1,1,-1,1,-1,1,1,-1,-1,-1,1,1,1,1,1,-1,1,0,-1,-1,-1,-1,1,1,1,-1,1,1,1,1
1,1,1,1,1,-1,-1,1,1,1,1,-1,-1,0,-1,-1,-1,-1,0,1,1,1,1,1,1,-1,1,1,-1,-1,1
1,-1,1,1,1,-1,-1,1,-1,-1,-1,1,-1,0,1,-1,-1,1,0,-1,1,-1,-1,-1,-1,0,-1,1,0,-1,-1
1,1,1,1,1,-1,1,1,-1,1,1,1,1,0,0,-1,1,1,0,1,1,1,1,1,1,1,1,1,0,1,1
1,-1,1,1,1,-1,0,-1,-1,1,1,1,1,0,0,-1,1,1,0,1,1,1,1,-1,1,1,-1,1,0,1,1
1,-1,1,1,1,-1,1,-1,1,1,1,1,1,0,-1,-1,1,1,0,1,1,1,1,-1,-1,1,-1,-1,0,1,-1
-1,-1,1,-1,1,-1,-1,1,-1,-1,-1,1,1,0,0,1,-1,1,0,-1,1,-1,-1,-1,1,1,1,1,1,1,1
-1,-1,1,-1,1,-1,-1,-1,1,-1,-1,1,-1,-1,0,-1,-1,1,0,1,1,-1,1,1,1,1,-1,-1,0,1,-1
1,-1,1,-1,1,-1,-1,-1,-1,1,1,1,1,-1,0,-1,1,1,0,1,1,1,1,1,-1,-1,-1,1,0,-1,-1
-1,-1,1,1,1,1,0,1,-1,1,1,1,1,0,0,-1,1,1,0,1,1,-1,1,-1,1,1,-1,1,1,1,1
-1,-1,1,1,1,-1,0,-1,1,1,1,1,1,0,0,-1,1,1,1,1,1,1,1,-1,1,1,-1,1,1,1,1
1,-1,1,1,1,-1,1,1,-1,-1,1,1,1,0,0,-1,1,1,0,1,1,-1,1,1,1,0,-1,-1,0,1,1
-1,-1,1,1,1,-1,0,1,-1,1,1,1,1,0,0,-1,1,1,1,1,1,1,1,-1,1,0,1,1,1,1,1
1,-1,1,1,1,-1,-1,1,-1,1,1,1,1,1,-1,-1,1,1,0,1,1,1,1,1,-1,1,-1,1,1,1,1
-1,1,-1,-1,-1,-1,1,1,1,-1,1,-1,-1,1,1,1,1,-1,1,1,1,-1,1,-1,-1,1,1,1,1,1,1
1,-1,1,1,1,-1,0,1,-1,1,1,1,1,0,0,0,1,1,0,1,1,1,1,-1,1,1,1,1,0,1,1
1,-1,1,1,1,1,-1,1,-1,1,1,1,1,0,1,-1,1,1,0,1,1,1,1,1,-1,1,-1,1,1,1,1
1,-1,1,1,1,-1,1,1,-1,1,1,1,-1,1,1,1,1,1,0,1,1,1,1,-1,1,1,-1,1,0,-1,1
1,1,1,1,1,-1,1,-1,-1,1,1,1,1,0,1,-1,1,1,0,1,1,1,1,1,1,1,1,1,0,-1,-1
-1,-1,1,1,1,-1,1,1,-1,1,1,-1,-1,1,1,-1,1,1,0,1,1,1,1,-1,1,1,1,1,0,1,1
-1,-1,1,1,1,-1,0,1,1,1,1,1,1,-1,-1,-1,1,1,0,1,1,1,1,1,1,0,-1,1,0,1,-1
1,-1,1,1,1,1,-1,1,-1,1,1,1,1,0,-1,-1,1,1,0,1,1,1,1,-1,-1,1,-1,1,1,1,1
1,-1,1,1,1,-1,0,1,1,1,1,1,-1,0,-1,-1,1,1,0,1,1,1,1,-1,-1,1,1,1,1,1,1
1,-1,1,1,1,-1,1,1,1,1,1,1,1,1,-1,-1,1,1,0,1,1,1,1,1,1,1,-1,1,0,1,1
1,-1,1,1,1,-1,0,-1,1,1,1,1,-1,-1,-1,-1,1,1,0,1,1,1,1,-1,1,0,-1,1,0,1,-1
-1,1,-1,-1,-1,-1,1,-1,-1,-1,-1,1,-1,0,-1,-1,-1,1,0,1,1,1,1,-1,1,0,1,1,-1,1,-1
1,-1,1,1,1,-1,0,-1,-1,1,1,1,1,-1,0,-1,1,1,0,1,1,1,1,-1,-1,-1,-1,1,0,1,-1
-1,-1,-1,-1,-1,-1,1,1,1,1,1,-1,-1,1,-1,1,1,-1,0,1,1,1,1,-1,-1,0,-1,1,1,1,1
1,1,1,1,1,-1,-1,1,-1,1,1,1,1,0,0,-1,1,-1,0,1,1,1,1,-1,1,1,-1,-1,0,1,1
-1,-1,1,1,1,-1,-1,0,-1,1,1,1,1,-1,-1,-1,1,1,0,1,1,1,1,1,1,0,-1,1,0,1,-1
-1,0,-1,1,-1,-1,1,1,-1,1,1,-1,1,0,0,-1,-1,-1,0,1,1,1,1,1,1,1,-1,1,-1,-1,1
1,-1,1,1,1,-1,0,0,1,1,1,1,-1,-1,-1,-1,1,1,0,1,1,1,1,-1,1,1,1,1,1,1,-1
1,-1,1,1,-1,-1,-1,1,-1,1,1,-1,-1,0,-1,-1,1,1,1,1,1,1,1,-1,-1,1,-1,1,0,1,-1
1,-1,1,1,1,-1,0,1,-1,1,1,1,1,0,0,-1,1,1,0,1,1,1,1,-1,1,0,-1,1,0,1,-1
-1,-1,1,1,1,-1,0,-1,-1,1,1,1,1,-1,-1,-1,1,1,0,1,1,1,1,1,1,1,-1,1,0,1,-1
-1,-1,1,1,1,-1,1,-1,1,1,1,1,-1,0,1,-1,1,1,0,1,1,1,1,1,1,1,-1,1,1,1,-1
-1,-1,1,1,1,-1,0,-1,-1,1,1,1,1,-1,-1,-1,1,1,0,1,1,1,1,-1,1,-1,1,1,1,-1,-1
-1,-1,1,-1,1,-1,0,-1,-1,-1,-1,-1,1,0,0,-1,-1,-1,0,-1,1,-1,1,1,1,1,-1,1,0,1,-1
1,-1,1,1,1,-1,1,1,-1,1,1,1,1,0,-1,-1,1,1,0,1,1,1,1,1,1,0,-1,1,0,1,1
1,-1,1,1,1,-1,0,-1,1,-1,-1,-1,-1,-1,0,-1,-1,-1,0,-1,1,-1,1,-1,-1,0,-1,1,0,-1,-1
-1,-1,1,1,1,-1,1,-1,-1,1,1,1,1,0,-1,-1,1,1,0,1,1,1,1,-1,1,0,1,1,0,1,-1
1,-1,1,1,1,-1,0,1,-1,1,1,1,1,0,0,-1,1,1,0,1,1,1,1,-1,-1,0,-1,1,1,1,-1
-1,-1,1,1,1,-1,0,-1,-1,1,1,1,-1,-1,0,-1,1,1,0,1,1,1,1,-1,1,0,1,1,0,1,-1
-1,-1,1,1,1,-1,0,-1,1,1,1,1,1,-1,0,-1,1,1,0,1,1,1,1,-1,1,-1,-1,1,0,1,-1
1,-1,1,1,1,-1,-1,-1,-1,-1,-1,1,1,0,-1,-1,-1,1,0,1,1,-1,1,1,1,1,-1,-1,0,1,1
-1,-1,-1,1,-1,-1,1,1,1,-1,1,-1,-1,0,1,-1,1,-1,1,1,1,-1,1,1,-1,0,-1,1,1,-1,1
-1,-1,1,1,1,-1,1,-1,-1,1,1,1,1,0,0,-1,1,1,0,1,1,-1,1,-1,1,0,1,1,1,1,1
1,-1,-1,1,1,-1,1,1,-1,1,1,-1,-1,0,0,-1,1,1,0,1,1,1,1,-1,1,-1,1,1,0,-1,1
1,-1,1,1,1,-1,-1,1,1,1,1,1,-1,0,0,-1,1,1,0,1,1,1,1,1,1,1,-1,1,0,-1,1
1,-1,1,1,1,-1,1,1,-1,1,1,1,-1,0,0,-1,1,1,0,1,1,1,1,1,1,1,1,1,0,1,1
1,1,1,1,1,-1,0,0,-1,-1,-1,1,1,-1,0,1,-1,1,0,1,1,-1,1,1,1,0,-1,1,0,-1,-1
1,1,1,-1,1,-1,1,0,-1,-1,-1,1,1,-1,0,-1,-1,1,0,1,1,-1,1,1,1,0,-1,1,0,1,-1
-1,-1,1,-1,1,1,-1,1,-1,1,1,1,1,1,0,-1,1,1,0,1,1,1,1,-1,1,1,1,1,0,1,1
1,-1,1,1,1,-1,1,1,-1,1,1,1,1,0,0,-1,1,1,0,1,1,1,1,1,1,1,1,1,0,1,1
1,-1,1,1,1,-1,-1,-1,-1,1,1,1,-1,-1,-1,-1,1,1,0,1,1,1,1,-1,-1,-1,-1,1,1,1,-1
1,-1,1,1,1,-1,-1,1,-1,1,1,1,1,1,0,-1,1,1,0,1,1,1,1,-1,1,1,1,1,0,1,1
-1,-1,1,1,1,-1,0,1,-1,1,1,1,1,0,0,-1,1,1,0,1,1,1,1,1,1,1,-1,1,0,1,1
1,-1,1,1,1,-1,0,1,-1,1,1,1,1,1,0,-1,1,1,0,1,1,1,1,-1,1,0,-1,1,0,1,1
1,-1,1,1,1,-1,1,1,1,1,1,1,-1,1,1,-1,1,1,0,1,1,1,1,1,-1,-1,1,1,1,1,1
-1,-1,1,-1,1,-1,-1,1,-1,-1,-1,-1,1,0,-1,1,-1,1,0,-1,1,-1,-1,-1,1,1,1,1,1,1,1
1,-1,-1,1,-1,-1,-1,-1,1,1,1,1,-1,-1,1,1,1,1,1,1,-1,1,1,1,1,-1,-1,1,1,1,-1
1,-1,1,1,1,1,-1,1,1,1,1,1,-1,0,0,-1,1,1,0,1,1,1,1,-1,1,1,-1,1,0,1,1
1,-1,1,1,1,-1,0,1,-1,-1,1,1,1,0,0,-1,-1,-1,0,-1,1,-1,1,-1,-1,0,-1,1,-1,-1,1
-1,-1,1,1,1,-1,-1,1,1,-1,1,1,-1,1,0,1,1,1,1,1,1,-1,-1,-1,1,1,1,1,1,1,1
-1,-1,-1,-1,-1,-1,0,-1,-1,-1,-1,-1,1,-1,1,-1,-1,-1,0,-1,1,-1,-1,-1,-1,-1,1,-1,1,-1,-1
-1,-1,1,-1,1,-1,0,-1,-1,-1,-1,1,1,0,-1,-1,-1,1,0,1,1,-1,1,-1,1,0,-1,1,0,-1,-1
1,1,1,1,1,-1,1,1,-1,1,1,1,1,0,-1,1,-1,1,0,1,1,1,1,1,1,0,-1,-1,0,1,1
1,-1,1,-1,1,-1,0,-1,1,-1,-1,1,-1,-1,0,1,-1,1,0,-1,1,-1,-1,-1,1,-1,-1,1,0,1,-1
1,-1,1,1,1,-1,1,1,-1,1,1,1,1,0,1,-1,1,1,0,1,1,1,1,1,1,1,-1,1,0,1,1
-1,1,1,1,1,-1,0,-1,-1,1,1,1,1,-1,-1,-1,1,1,0,1,1,1,1,1,1,-1,1,1,0,1,-1
1,-1,1,1,1,-1,0,0,-1,1,1,1,-1,-1,0,-1,1,1,0,1,1,1,1,1,1,1,-1,1,0,1,-1
1,-1,1,1,1,-1,0,-1,-1,1,1,1,1,-1,0,-1,1,1,0,1,1,1,1,1,1,1,-1,1,0,1,-1
1,-1,1,-1,1,1,1,1,-1,-1,-1,1,1,1,0,-1,-1,1,0,-1,1,-1,-1,-1,1,1,1,1,0,1,1
-1,-1,1,1,1,1,1,1,-1,1,1,1,1,1,1,-1,1,1,0,1,1,1,1,-1,1,1,-1,1,1,1,1
-1,-1,1,1,1,-1,1,1,-1,1,1,1,1,0,1,0,1,1,0,1,1,1,1,1,1,1,-1,1,0,1,1
-1,-1,-1,1,-1,1,-1,1,-1,1,1,-1,-1,0,0,-1,1,-1,0,1,1,1,1,1,1,1,-1,1,0,-1,1
-1,-1,1,1,-1,-1,0,0,-1,1,1,-1,-1,0,-1,-1,1,1,0,1,1,1,1,-1,1,1,1,-1,0,1,-1
-1,-1,1,1,1,-1,0,-1,-1,1,1,1,-1,0,0,0,1,1,0,1,1,1,1,1,1,0,-1,1,0,1,-1
-1,-1,-1,1,-1,-1,0,0,-1,-1,-1,-1,-1,-1,1,-1,-1,-1,0,-1,1,-1,1,1,-1,0,-1,1,-1,-1,-1
1,-1,1,1,1,1,1,1,-1,1,1,1,1,0,0,-1,1,1,0,1,1,1,1,-1,1,-1,-1,1,-1,1,1
1,1,1,1,1,1,1,1,-1,1,1,1,1,0,-1,1,1,1,0,1,1,1,1,1,1,0,-1,-1,0,1,1
1,-1,1,1,1,-1,1,-1,1,1,1,1,-1,0,0,-1,1,1,0,1,1,1,1,-1,1,1,-1,1,0,1,-1
1,1,1,1,1,-1,0,0,-1,1,1,1,1,-1,0,1,1,1,0,1,1,1,1,1,-1,-1,-1,1,1,1,-1
1,-1,-1,1,-1,-1,-1,1,1,1,1,-1,-1,0,1,-1,1,-1,1,1,1,1,1,1,-1,1,-1,1,0,1,1
-1,-1,1,1,1,-1,-1,1,1,1,1,1,-1,1,-1,-1,1,1,0,1,1,1,1,1,1,-1,-1,1,1,1,1
1,1,1,1,1,-1,-1,-1,-1,1,1,1,1,-1,-1,1,1,1,0,1,1,1,1,-1,-1,-1,-1,1,1,1,-1
1,-1,1,1,1,-1,0,1,-1,1,1,1,1,0,0,-1,1,1,0,1,1,1,1,-1,1,1,1,-1,0,1,1
1,1,1,1,1,1,1,1,-1,1,1,1,1,1,0,1,1,1,0,1,1,1,1,1,1,1,-1,1,0,1,1
1,1,1,-1,1,-1,1,1,-1,1,1,-1,1,0,1,1,1,1,0,1,1,1,1,1,-1,1,-1,1,-1,1,1
1,-1,1,-1,-1,-1,1,1,-1,1,1,1,1,1,0,1,1,1,0,1,1,1,1,1,1,-1,-1,-1,0,1,1
1,-1,1,1,1,-1,1,1,-1,1,1,1,1,0,0,-1,1,1,0,1,1,1,1,1,1,1,1,-1,0,1,1
-1,-1,-1,1,1,1,1,1,-1,1,1,-1,1,0,-1,-1,1,1,0,1,1,1,1,1,-1,1,-1,1,-1,1,1
-1,-1,1,1,1,-1,1,-1,-1,1,1,1,-1,0,-1,1,1,1,0,1,1,1,1,-1,1,-1,1,1,0,1,-1
-1,-1,-1,1,-1,-1,1,1,-1,1,1,-1,1,0,1,-1,1,-1,0,1,1,1,1,-1,-1,1,-1,-1,1,1,1
1,1,1,1,1,1,1,1,-1,-1,-1,1,1,1,1,1,-1,1,0,-1,1,-1,-1,1,-1,1,1,1,1,-1,1
-1,-1,-1,1,-1,-1,-1,1,-1,1,1,-1,1,0,0,1,1,-1,0,1,1,1,1,-1,-1,1,-1,-1,1,1,1
-1,1,-1,1,-1,-1,1,1,-1,1,1,-1,1,0,0,0,1,-1,1,1,1,1,1,-1,-1,-1,1,1,1,1,1
-1,-1,1,1,1,-1,0,-1,-1,1,1,1,1,-1,1,0,1,1,0,1,1,1,1,-1,1,-1,-1,1,1,1,-1
1,-1,1,1,1,-1,-1,1,-1,1,1,1,1,0,0,-1,1,1,0,1,1,1,1,-1,1,1,-1,1,0,1,1
1,-1,1,1,1,-1,-1,-1,-1,1,1,1,1,0,-1,-1,1,1,0,1,1,1,1,-1,-1,-1,1,1,1,1,-1
-1,1,1,1,1,-1,0,-1,-1,1,1,1,1,-1,0,0,1,1,0,1,1,1,1,1,1,-1,-1,1,0,1,-1
1,1,1,1,1,-1,1,-1,-1,1,1,1,1,0,1,-1,1,1,0,1,1,1,1,1,1,0,1,1,0,1,1
-1,-1,1,-1,1,-1,1,0,1,-1,-1,1,-1,-1,-1,-1,-1,1,0,-1,1,-1,1,1,1,1,-1,1,1,1,-1
1,-1,1,1,1,-1,1,-1,-1,1,1,1,1,-1,0,-1,1,1,0,1,1,1,1,-1,-1,-1,-1,1,0,-1,-1
1,-1,1,1,1,-1,0,1,-1,-1,-1,1,1,0,1,-1,-1,1,0,-1,-1,-1,-1,-1,-1,1,-1,1,1,-1,1
1,-1,-1,-1,1,-1,-1,1,-1,1,1,1,1,0,-1,-1,1,1,0,1,1,1,1,-1,1,0,-1,1,0,1,1
-1,-1,-1,-1,-1,-1,0,0,-1,-1,1,-1,1,-1,-1,-1,1,-1,0,-1,1,-1,1,-1,-1,1,-1,1,0,1,-1
1,-1,1,1,1,-1,1,1,-1,-1,1,1,1,0,-1,-1,1,1,0,-1,1,-1,1,1,-1,1,1,1,0,1,1
1,-1,1,1,1,-1,1,1,-1,1,1,1,1,0,0,0,1,1,0,1,1,1,1,-1,1,-1,-1,1,0,1,1
-1,-1,1,1,1,-1,0,-1,1,1,1,1,1,-1,0,-1,1,1,0,1,1,1,1,-1,1,0,1,1,0,1,-1
-1,-1,1,-1,1,-1,1,0,-1,-1,-1,1,1,-1,-1,-1,-1,1,0,-1,-1,-1,-1,1,1,0,-1,1,1,1,-1
1,0,1,1,1,-1,0,1,1,1,1,-1,-1,0,-1,-1,-1,-1,0,1,1,1,1,-1,1,-1,-1,1,0,-1,1
1,-1,1,1,1,-1,1,1,1,1,1,1,-1,0,0,-1,1,1,0,1,1,1,1,1,-1,0,1,-1,0,1,1
-1,-1,1,1,1,-1,0,-1,1,1,1,1,-1,-1,0,0,1,1,0,1,1,1,1,-1,1,0,1,1,0,1,-1
1,-1,1,1,1,-1,0,1,-1,1,1,1,1,1,0,-1,1,1,0,1,1,1,1,1,1,1,-1,1,0,1,1
1,-1,1,1,1,-1,-1,-1,1,-1,-1,1,-1,0,0,-1,-1,1,0,-1,-1,-1,-1,-1,1,-1,-1,1,0,-1,-1
-1,1,-1,1,-1,-1,0,1,-1,1,1,-1,1,0,0,1,1,-1,1,1,1,1,1,1,-1,1,-1,1,1,-1,1
-1,-1,1,1,1,-1,0,-1,1,1,1,1,-1,0,-1,-1,1,1,1,1,1,1,1,-1,1,0,-1,1,0,1,-1
-1,-1,1,-1,1,-1,1,1,-1,-1,-1,1,1,1,1,-1,-1,-1,0,-1,1,-1,-1,-1,1,1,1,1,1,1,1
1,-1,1,1,1,-1,-1,0,-1,1,1,1,1,-1,-1,-1,1,1,0,1,1,1,1,1,1,0,-1,1,0,1,-1
1,-1,1,1,1,1,-1,1,1,1,1,1,-1,1,0,-1,1,1,0,1,1,1,1,1,1,1,-1,1,0,1,1
1,-1,1,1,1,-1,0,0,-1,1,1,1,1,-1,0,-1,1,1,0,1,1,1,1,1,-1,-1,-1,-1,0,1,-1
-1,-1,1,1,1,-1,0,-1,-1,1,1,1,1,-1,0,-1,1,1,0,1,1,1,1,-1,1,-1,-1,1,1,-1,-1
-1,-1,-1,1,-1,1,1,1,-1,1,1,-1,1,0,0,-1,1,-1,1,1,1,1,1,1,-1,1,-1,1,1,-1,1
1,-1,1,1,1,-1,0,0,1,-1,-1,1,1,-1,1,-1,-1,1,0,1,1,-1,1,1,-1,1,-1,1,1,1,-1
1,-1,1,1,1,1,0,1,1,1,1,1,-1,0,-1,-1,1,1,0,1,1,1,1,1,1,1,1,1,1,1,1
1,-1,1,1,1,-1,0,1,1,1,1,1,-1,0,1,-1,1,1,0,-1,1,1,1,1,1,1,-1,1,0,1,-1
1,-1,1,1,1,-1,0,1,1,1,1,1,-1,0,-1,-1,1,1,0,1,1,1,1,-1,1,0,-1,-1,0,1,-1
1,-1,1,1,1,-1,0,1,-1,-1,1,1,1,0,-1,-1,1,1,0,1,1,-1,1,1,1,1,-1,-1,0,1,-1
1,1,1,1,1,-1,-1,1,-1,1,1,1,1,1,0,1,1,1,0,1,1,1,1,1,1,1,1,1,0,1,1
-1,-1,1,1,-1,-1,1,-1,1,1,1,-1,-1,0,-1,-1,1,1,1,1,1,1,1,-1,1,1,-1,1,1,1,-1
-1,-1,1,-1,1,-1,0,-1,1,-1,-1,-1,-1,-1,-1,-1,-1,-1,0,-1,1,-1,1,-1,1,0,-1,1,0,-1,-1
1,-1,1,1,1,-1,0,1,-1,1,1,1,1,0,1,-1,1,1,0,1,1,1,1,-1,-1,1,-1,1,1,1,1
-1,-1,1,1,1,-1,1,1,-1,1,1,1,1,0,1,1,1,1,0,1,1,1,1,-1,1,0,-1,1,1,1,1
1,-1,1,1,1,-1,-1,-1,-1,1,1,1,1,0,-1,-1,1,1,0,1,1,1,1,1,1,1,-1,-1,0,1,-1
-1,-1,-1,-1,-1,-1,1,0,-1,-1,-1,-1,-1,-1,1,0,-1,-1,0,-1,1,-1,1,-1,-1,0,-1,1,-1,1,-1
1,-1,1,1,1,-1,-1,-1,1,1,1,1,-1,0,-1,-1,1,1,0,1,1,1,1,1,-1,1,-1,-1,1,1,-1
1,-1,1,1,1,-1,-1,-1,-1,1,1,1,1,0,0,-1,1,1,0,1,1,1,1,-1,1,0,-1,1,0,-1,-1
1,-1,1,1,1,-1,0,-1,1,1,1,1,-1,0,0,-1,1,1,0,1,1,1,1,-1,1,1,-1,1,0,1,1
1,-1,1,1,1,-1,-1,-1,1,1,1,1,-1,1,-1,-1,1,1,0,1,1,1,1,-1,-1,-1,-1,-1,1,1,-1
1,-1,1,1,1,1,-1,1,-1,1,1,1,1,0,0,-1,1,1,0,1,1,1,1,-1,1,1,1,1,0,1,1
1,-1,1,1,1,-1,1,1,-1,1,1,1,1,1,1,1,1,1,0,1,1,1,1,1,1,-1,-1,1,0,1,1
